2018-04-18 17:38:50.788
Number of generations: 1
Size of population: 5
Heuristic 1
11
-29038.032651957896,-53595.430758995564,-38481.92114669889,86454.17627338786,-51889.8694053336,-58622.336915827924,-22609.397345504854,-86814.81759532653,-32412.34577950572,-34841.3854555679,-89086.60345764058,223.0,
-5080.950998595544,-53595.430758995564,-38481.92114669889,86454.17627338786,-51889.8694053336,-58622.336915827924,-22609.397345504854,-86814.81759532653,-32412.34577950572,-34841.3854555679,-89086.60345764058,211.0,
-29038.032651957896,-53595.430758995564,-38481.92114669889,86454.17627338786,-51889.8694053336,-58622.336915827924,-22609.397345504854,-86814.81759532653,-32412.34577950572,-34841.3854555679,-89086.60345764058,163.8,
-29038.032651957896,-53595.430758995564,-38481.92114669889,86454.17627338786,-51889.8694053336,-58622.336915827924,-22609.397345504854,-86814.81759532653,-32412.34577950572,-34841.3854555679,-89086.60345764058,0.0,
-58000.31081582713,-98740.72439999177,-23562.25948392853,7025.698505723399,-60951.68340242286,-89840.71899704843,-41132.29930347852,-21507.232009718573,-59662.5711677573,-36667.674264182824,-82135.41646344902,0.0,
