2018-04-21 16:01:50.427
Number of generations: 3
Size of population: 5
Heuristic 2
11
-25409.50067325987,-189816.53478822298,-470818.4587746617,20651.135543615666,-110297.06393852823,-131347.29469880322,-87648.58674488841,96987.52465043704,-35791.46547077142,-47704.96471101772,-210412.81356260763,1200.9657390770112,
-25409.50067325987,-189816.53478822298,-470818.4587746617,20651.135543615666,-111193.53576221119,-131347.29469880322,-87648.58674488841,96987.52465043704,-35791.46547077142,-47704.96471101772,-210412.81356260763,1091.8,
-25723.35981946611,-172983.31060473618,-470818.4587746617,20651.135543615666,-111193.53576221119,-131347.29469880322,-87648.58674488841,90687.99349110664,-35791.46547077142,-47704.96471101772,-210412.81356260763,616.5,
-25409.50067325987,-189816.53478822298,-470818.4587746617,20651.135543615666,-111193.53576221119,-131347.29469880322,-87648.58674488841,96987.52465043704,-35791.46547077142,-47704.96471101772,-210412.81356260763,0.0,
-96593.82906245039,-131892.72582541115,17372.499478968675,7342.287596036811,-64225.87191311247,-120488.37166051267,-42985.23335548995,49955.97891583551,-28983.094713795625,-40960.536950694644,-17152.035217732504,0.0,
