2018-04-21 15:57:53.101
Number of generations: 3
Size of population: 5
Heuristic 2
11
44757.748452738,40840.01246265551,-41319.239673362725,-75646.11522280141,-41824.92099840962,-32559.064272888158,-82512.10918502824,-149722.41795131614,-71382.84386408923,-79628.61425549281,-109130.59287815039,91.3,
44757.748452738,40840.01246265551,-41319.239673362725,-75646.11522280141,-41824.92099840962,-32559.064272888158,-82512.10918502824,-149722.41795131614,-71382.84386408923,-79628.61425549281,-109130.59287815039,87.6,
44757.748452738,40840.01246265551,-41319.239673362725,-75646.11522280141,-41824.92099840962,-31513.50184787587,-82512.10918502824,-116296.09461769265,-71382.84386408923,-79843.80531139238,-93745.51287781386,75.9,
44757.748452738,40840.01246265551,-41319.239673362725,-75646.11522280141,-41824.92099840962,-32559.064272888158,-82512.10918502824,-149722.41795131614,-71382.84386408923,-79628.61425549281,-109130.59287815039,0.0,
47661.104107927145,13749.199967731549,-30168.41800916219,-9511.64705253283,-36784.014651745536,-26974.262909254987,-95613.07368561157,-85783.16030924775,-31910.615198027765,-46663.534143207624,-97196.17741959024,0.0,
