2018-04-21 15:58:23.355
Number of generations: 3
Size of population: 5
Heuristic 2
11
19401.23859973091,-179883.42312943534,-29216.73877946188,107528.1813611533,-90683.59283093484,-32534.06845510716,12834.440676188784,-33446.24261966908,-28089.903283345924,-89073.35000359752,-93070.1066377671,499.4,
19172.254838575536,-179883.42312943534,-29216.73877946188,107528.1813611533,-90683.59283093484,-29736.377466845304,12834.440676188784,-33446.24261966908,-30125.8571618294,-89646.63224785654,-88787.02268068554,353.4,
19172.254838575536,-179883.42312943534,-23941.152576749577,107528.1813611533,-90683.59283093484,-32534.06845510716,12834.440676188784,-33446.24261966908,-30125.8571618294,-89073.35000359752,-88787.02268068554,266.9,
19172.254838575536,-179883.42312943534,-29216.73877946188,107528.1813611533,-90683.59283093484,-32534.06845510716,12834.440676188784,-33446.24261966908,-30125.8571618294,-89073.35000359752,-88787.02268068554,0.0,
-19947.312496447736,-128896.65328519346,-20246.22277276741,76546.86221154635,-51756.485435751536,-46702.00906614262,-11796.958080525827,-52862.81415078373,-53786.593458328796,-44047.52440265134,-88619.57826013642,0.0,
