2018-04-21 16:03:15.162
Number of generations: 3
Size of population: 5
Heuristic 2
11
-18685.581345044488,-44643.404778046686,-240827.73515081426,-148474.80178867938,52360.80133946241,-17669.040523900865,-3618.278105399131,-11759.311223713998,-92425.60348186373,-63264.70004776788,-28555.132388941172,442.2,
-18997.70676123897,-44643.404778046686,-240827.73515081426,-148474.80178867938,52360.80133946241,-17669.040523900865,-3618.278105399131,-11759.311223713998,-92425.60348186373,-63264.70004776788,-28555.132388941172,360.6,
-18997.70676123897,-44643.404778046686,-240827.73515081426,-148474.80178867938,52360.80133946241,-17669.040523900865,-3618.278105399131,-12168.059443360855,-92425.60348186373,-62418.63014797027,-28555.132388941172,315.0,
-18997.70676123897,-44643.404778046686,-240827.73515081426,-148474.80178867938,52360.80133946241,-17669.040523900865,-3618.278105399131,-11759.311223713998,-92425.60348186373,-63264.70004776788,-28555.132388941172,0.0,
-30928.26671360324,-175602.06219724103,-205500.79415272543,-235163.49462577997,23061.513190618647,-88007.12939751736,-53033.414041736745,-16926.39031441488,-112877.25380040603,-45706.66589559142,-7754.488747172334,0.0,
