2018-04-21 15:57:58.790
Number of generations: 3
Size of population: 5
Heuristic 2
11
66054.27468270481,47682.332695508965,-44691.07857532422,-153897.3302011246,-80931.72324314606,-40824.40071074538,-87117.07312493263,-274760.46468581737,-100201.48056354502,-103953.34779083438,-137075.87936451868,75.5,
64736.4632255163,47682.332695508965,-44691.07857532422,-153897.3302011246,-80931.72324314606,-40824.40071074538,-87117.07312493263,-274760.46468581737,-100201.48056354502,-103953.34779083438,-137075.87936451868,68.0,
66054.27468270481,47682.332695508965,-44691.07857532422,-153897.3302011246,-80931.72324314606,-40824.40071074538,-93954.54211833431,-274760.46468581737,-100201.48056354502,-103953.34779083438,-137075.87936451868,67.7271356369493,
66054.27468270481,47682.332695508965,-44691.07857532422,-153897.3302011246,-80931.72324314606,-40824.40071074538,-87117.07312493263,-274760.46468581737,-100201.48056354502,-103953.34779083438,-137075.87936451868,0.0,
39405.059775719914,250786.60275187233,-56905.57260920864,-181015.9269273943,180952.6687846465,-38208.46840849245,-76995.87159547866,-241983.0624689131,-192991.822857832,-196571.1331103028,-141080.01815557442,0.0,
