2018-04-21 15:51:21.880
Number of generations: 3
Size of population: 5
Heuristic 2
11
41395.65341096046,-46108.234572315654,23442.895145478193,99615.86098380601,34781.973331531975,-54696.89824624259,-60750.82381374617,-52209.056890495,-44721.11677667275,-224284.11902204162,-111015.6746699279,127.8,
41395.65341096046,-46108.234572315654,27738.86999035053,99615.86098380601,34781.973331531975,-54696.89824624259,-60750.82381374617,-52209.056890495,-44721.11677667275,-224284.11902204162,-111015.6746699279,99.0,
41395.65341096046,-46108.234572315654,26041.126055580604,99615.86098380601,34781.973331531975,-48655.40621094129,-60750.82381374617,-52209.056890495,-44721.11677667275,-205105.52814979674,-111015.6746699279,97.5,
41395.65341096046,-46108.234572315654,23442.895145478193,99615.86098380601,34781.973331531975,-54696.89824624259,-60750.82381374617,-52209.056890495,-44721.11677667275,-224284.11902204162,-111015.6746699279,0.0,
-20722.990811672433,-17190.085498708646,-113370.77721772263,113396.52711293931,-27963.77145074929,192736.792397347,-7436.570401087398,73598.3694509304,-53898.35882856544,-176168.09551128666,-127678.57170693803,0.0,
