2018-04-21 15:51:17.454
Number of generations: 3
Size of population: 5
Heuristic 2
11
-32157.39910345467,-33569.53783391475,-61404.885091447315,87730.17196443622,-20836.515429850762,83945.83288508454,-21722.95443945218,53595.26380544229,-40999.883052060235,-131650.7205002543,-99240.64575096755,147.0,
-29033.770865253613,-33569.53783391475,-61404.885091447315,87312.40920917218,-22690.490323758582,74429.87161275675,-21722.95443945218,53595.26380544229,-40999.883052060235,-131650.7205002543,-99240.64575096755,140.7,
-29033.770865253613,-33569.53783391475,-61404.885091447315,87312.40920917218,-20836.515429850762,95020.98909315016,-21722.95443945218,53595.26380544229,-40999.883052060235,-131650.7205002543,-99240.64575096755,136.0,
-29033.770865253613,-33569.53783391475,-61404.885091447315,87312.40920917218,-20836.515429850762,83945.83288508454,-21722.95443945218,53595.26380544229,-40999.883052060235,-131650.7205002543,-99240.64575096755,0.0,
-68948.7126470091,-40455.994906279535,61216.32742826012,99032.24509298227,-26331.90497648499,-25510.613864713865,-27592.987594407823,-26097.470538966758,-15545.18227770383,-6686.1469179960695,-84698.18079863541,0.0,
