2018-04-21 15:57:55.852
Number of generations: 3
Size of population: 5
Heuristic 2
11
58068.07734646725,45116.46260818892,-43426.63898708866,-124553.12458425341,-67498.4857360446,-37724.89954654892,-85390.21164746849,-167098.34878723155,-89394.4918012491,-94831.57271508129,-126596.39693213058,89.9,
58068.07734646725,45116.46260818892,-43426.63898708866,-115083.67698182329,-65816.35373516387,-36266.73534118443,-85390.21164746849,-197047.05735479333,-89394.4918012491,-102161.93314048978,-126596.39693213058,86.2,
58068.07734646725,45116.46260818892,-43426.63898708866,-124553.12458425341,-65816.35373516387,-37724.89954654892,-85390.21164746849,-208293.45159800493,-89394.4918012491,-84989.66445284712,-126596.39693213058,79.1,
58068.07734646725,45116.46260818892,-43426.63898708866,-124553.12458425341,-65816.35373516387,-37724.89954654892,-85390.21164746849,-197047.05735479333,-89394.4918012491,-94831.57271508129,-126596.39693213058,0.0,
76142.57824839788,47215.16570611955,-29377.073119017245,-35185.58074921807,-35737.021573462465,-24392.117365835664,-98384.11060989262,-136919.1669596494,-15615.010744638144,-51636.89761278489,-109447.26304219672,0.0,
