2018-04-21 15:58:40.113
Number of generations: 3
Size of population: 5
Heuristic 2
11
52845.342751139215,-203663.75097451848,-37857.697810917336,123925.28464287886,-82647.68038230011,-19264.503634473138,25962.74346581306,-34181.914715794104,-21077.081049393542,-89020.54913168524,-88173.84900487182,852.4,
52845.342751139215,-203663.75097451848,-37857.697810917336,123925.28464287886,-82647.68038230011,-19179.603068973007,26227.65662208345,-34181.914715794104,-21077.081049393542,-89020.54913168524,-88173.84900487182,629.5,
52845.342751139215,-203663.75097451848,-37857.697810917336,123925.28464287886,-82647.68038230011,-19179.603068973007,25962.74346581306,-34181.914715794104,-21077.081049393542,-89020.54913168524,-88173.84900487182,395.6599005625928,
52845.342751139215,-203663.75097451848,-37857.697810917336,123925.28464287886,-82647.68038230011,-19179.603068973007,25962.74346581306,-34181.914715794104,-21077.081049393542,-89020.54913168524,-88173.84900487182,0.0,
27196.41064592682,-186259.139221258,-28009.458413932298,105866.48845782291,-80146.89759606821,-26794.52343309187,20205.48235669431,-38698.35774924231,-46241.094553421,-39766.6222873114,-88282.43327998556,0.0,
