2018-04-21 16:03:06.223
Number of generations: 3
Size of population: 5
Heuristic 2
11
-26622.39114156706,-36524.74995239062,-205424.22019175044,-115103.00837758425,37306.76598860083,-16191.76506858621,-6834.6971377529,-15887.453190434937,-89607.12543191716,-58511.82120104582,-24531.19541516701,301.7,
-26622.39114156706,-36524.74995239062,-205424.22019175044,-115103.00837758425,37306.76598860083,-16191.76506858621,-7499.525822160615,-17921.429790067632,-89607.12543191716,-58511.82120104582,-29416.768508680903,262.5,
-26622.39114156706,-36524.74995239062,-205424.22019175044,-115103.00837758425,37306.76598860083,-16191.76506858621,-7499.525822160615,-15887.453190434937,-89607.12543191716,-58511.82120104582,-29416.768508680903,233.3,
-26622.39114156706,-36524.74995239062,-205424.22019175044,-115103.00837758425,37306.76598860083,-16191.76506858621,-7499.525822160615,-15887.453190434937,-89607.12543191716,-58511.82120104582,-29416.768508680903,0.0,
-31430.92743240093,-21399.07709215392,-232817.16263015976,-25901.396753683388,47399.40260036026,36688.92001053141,36333.27906394603,-50349.11265061432,-131521.09899868703,-97348.12224959716,-56972.97585292043,0.0,
