2018-04-21 15:51:26.919
Number of generations: 3
Size of population: 5
Heuristic 2
11
-36608.2830113185,-3129.6046878501293,-144538.06551575265,119116.61719829746,-56408.60011409448,121027.95726832816,-24379.71712167115,5012.956693962806,-55433.05122995369,-238878.52081486586,-143698.12408917083,151.4,
-36608.2830113185,-3129.6046878501293,-121426.64171007482,119116.61719829746,-53424.03970643756,121027.95726832816,-24379.71712167115,5012.956693962806,-55433.05122995369,-238878.52081486586,-143698.12408917083,132.4,
-36608.2830113185,-3129.6046878501293,-125653.73569595323,119116.61719829746,-53424.03970643756,121027.95726832816,-24379.71712167115,5012.956693962806,-43296.20696203207,-238878.52081486586,-143698.12408917083,125.0,
-36608.2830113185,-3129.6046878501293,-144538.06551575265,119116.61719829746,-53424.03970643756,121027.95726832816,-24379.71712167115,5012.956693962806,-55433.05122995369,-238878.52081486586,-143698.12408917083,0.0,
85527.48491960953,-53631.4526153562,74351.5632876335,106747.27439542788,68153.06658836162,-137882.53692503888,-84167.54543832256,-115691.64930805737,-46953.85701144026,-279864.158135114,-118080.69202130412,0.0,
