2018-04-21 15:53:42.380
Number of generations: 3
Size of population: 5
Heuristic 2
11
-285750.6939927512,-71427.09342194971,-71838.08068314123,10250.756158030481,-126453.62922235703,-150714.1616510359,-62197.14570102577,11860.031805324918,-63320.65243472795,-147304.46326680813,-515034.6719936681,478.8,
-285750.6939927512,-71427.09342194971,-71838.08068314123,10250.756158030481,-126453.62922235703,-150714.1616510359,-62197.14570102577,11860.031805324918,-63320.65243472795,-147304.46326680813,-491080.4659257479,435.5,
-285750.6939927512,-67313.69272076209,-71838.08068314123,10250.756158030481,-156209.27820746592,-148968.26202523595,-62197.14570102577,11860.031805324918,-63320.65243472795,-147304.46326680813,-491080.4659257479,305.2,
-285750.6939927512,-71427.09342194971,-71838.08068314123,10250.756158030481,-126453.62922235703,-150714.1616510359,-62197.14570102577,11860.031805324918,-63320.65243472795,-147304.46326680813,-491080.4659257479,0.0,
-143902.95337748821,-129746.9884704313,-69937.2022233064,56427.26367185659,-87386.71833852545,-96385.85982208504,-15124.650495369937,-27123.037504086133,-67030.16587028305,-30765.429312312313,-211772.40781073528,0.0,
