2018-04-21 16:02:18.827
Number of generations: 3
Size of population: 5
Heuristic 2
11
-86439.12284722297,-134360.99451256462,-382803.1902143901,-13876.598137904584,-105116.48465145673,-137488.29178164055,-59205.07440711278,102766.63912589407,-27438.12872229816,-40007.00602064241,-65078.97773766075,592.2,
-86439.12284722297,-134360.99451256462,-418183.7728089199,-13876.598137904584,-105116.48465145673,-137488.29178164055,-59205.07440711278,102766.63912589407,-24349.48612140709,-40007.00602064241,-65078.97773766075,568.5,
-86439.12284722297,-134360.99451256462,-333857.37846908567,-13876.598137904584,-98298.59199134877,-137488.29178164055,-59205.07440711278,102766.63912589407,-22390.5963167034,-40007.00602064241,-65078.97773766075,343.3,
-86439.12284722297,-134360.99451256462,-382803.1902143901,-13876.598137904584,-105116.48465145673,-137488.29178164055,-59205.07440711278,102766.63912589407,-24349.48612140709,-40007.00602064241,-65078.97773766075,0.0,
-90288.34896998065,-215300.10482788496,-94969.98082303582,79713.90436672,7222.370862397089,-89671.18590260574,1864.9092055462534,5208.216357212528,-243643.79696570028,-48655.158216821124,-10817.000952035945,0.0,
