2018-04-21 15:58:52.563
Number of generations: 3
Size of population: 5
Heuristic 2
11
73049.19549867742,-241458.3583902904,-43042.27322979061,133763.5466119142,-77826.13291311928,-12845.538430249628,33769.34553961904,-34623.31797346912,-15647.815381932029,-88644.89926198246,-87805.9447993836,522.5,
73049.19549867742,-217931.94768156836,-43042.27322979061,133763.5466119142,-77826.13291311928,-12845.538430249628,33769.34553961904,-34623.31797346912,-15647.815381932029,-80368.1095620913,-87805.9447993836,435.4,
73049.19549867742,-226806.62345914633,-43042.27322979061,133763.5466119142,-77826.13291311928,-12845.538430249628,33769.34553961904,-34623.31797346912,-15647.815381932029,-88644.89926198246,-87805.9447993836,413.8,
73049.19549867742,-217931.94768156836,-43042.27322979061,133763.5466119142,-77826.13291311928,-12845.538430249628,33769.34553961904,-34623.31797346912,-15647.815381932029,-88644.89926198246,-87805.9447993836,0.0,
-4592.782340358644,-253429.5823033534,-21522.657655747757,104625.6849358824,-238885.11040789096,-41337.39209079079,72885.86034205357,-92246.341035981,-51038.25697323296,-57789.93830705568,-88596.63354061657,0.0,
