2018-04-21 15:53:19.742
Number of generations: 3
Size of population: 5
Heuristic 2
11
-144901.86255401623,-81733.81775524226,-72366.33921523312,22293.21166082594,-84439.87300672058,-53910.63653481701,-73201.5838820461,-24952.249510428137,-65599.34446605606,-114460.17226086749,-156351.78748449264,222.9,
-144901.86255401623,-81733.81775524226,-72366.33921523312,22293.21166082594,-84439.87300672058,-53910.63653481701,-73201.5838820461,-24952.249510428137,-65599.34446605606,-114460.17226086749,-156351.78748449264,140.4,
-144901.86255401623,-78354.88401725066,-72366.33921523312,21011.00276155897,-84439.87300672058,-53910.63653481701,-73201.5838820461,-24952.249510428137,-65599.34446605606,-114460.17226086749,-156351.78748449264,129.8,
-144901.86255401623,-81733.81775524226,-72366.33921523312,22293.21166082594,-84439.87300672058,-53910.63653481701,-73201.5838820461,-24952.249510428137,-65599.34446605606,-114460.17226086749,-156351.78748449264,0.0,
-102512.09226898008,-64673.49015130266,-57723.47625061507,82196.71510369964,-81987.11752504396,-70838.89496210933,-21356.520590512402,-21827.067390576227,-67627.18914939133,-20056.176198482295,-186249.38992287015,0.0,
