2018-04-21 15:54:09.002
Number of generations: 3
Size of population: 5
Heuristic 2
11
-370259.99285599217,-65243.058821974184,-71521.1255638861,3025.2828563532066,-151661.88295173892,-208796.27672076723,-55594.482792413575,33947.40059477675,-54729.13286271362,-167011.0378703725,-691917.672990501,485.4,
-370259.99285599217,-65243.058821974184,-71521.1255638861,3025.2828563532066,-151661.88295173892,-208796.27672076723,-63287.14710870776,33947.40059477675,-63636.376608330014,-167011.0378703725,-691917.672990501,459.4,
-370259.99285599217,-65243.058821974184,-71521.1255638861,3334.641961924985,-151661.88295173892,-208796.27672076723,-55594.482792413575,33947.40059477675,-61953.43721593108,-182094.19186416778,-768750.2862283805,386.7,
-370259.99285599217,-65243.058821974184,-71521.1255638861,3025.2828563532066,-151661.88295173892,-208796.27672076723,-55594.482792413575,33947.40059477675,-61953.43721593108,-167011.0378703725,-691917.672990501,0.0,
-262364.2928887133,-113328.40999826857,-79428.44026832734,33971.58535676477,-95553.38596544278,-179273.6199548277,-85946.62419906998,7644.140688440108,-65688.77175435505,-166636.36001409963,-448309.73969796835,0.0,
