2018-04-21 16:00:58.068
Number of generations: 3
Size of population: 5
Heuristic 2
11
-54932.24009081429,-149853.61704422272,-63642.52488367584,44184.10065959522,-54402.55246523919,-89977.08912497861,-47596.1291882735,-14199.022054226763,-46722.671144655666,-47329.52121567568,-71262.00943048233,275.2,
-60543.641981257344,-149853.61704422272,-63642.52488367584,44184.10065959522,-54402.55246523919,-89977.08912497861,-47596.1291882735,-14199.022054226763,-46722.671144655666,-43865.06323681168,-71262.00943048233,273.5,
-54932.24009081429,-149853.61704422272,-63642.52488367584,44184.10065959522,-54402.55246523919,-89977.08912497861,-47596.1291882735,-14199.022054226763,-46722.671144655666,-52816.781428298724,-71262.00943048233,267.3,
-54932.24009081429,-149853.61704422272,-63642.52488367584,44184.10065959522,-54402.55246523919,-89977.08912497861,-47596.1291882735,-14199.022054226763,-46722.671144655666,-52816.781428298724,-71262.00943048233,0.0,
-113237.81119430557,-152782.0470715229,98169.0529632321,59716.036375446565,-26483.62551636459,-80829.7972602965,-26601.152375962985,-117862.98842247565,-124711.11673162787,-48675.52850939374,28653.58378000219,0.0,
