2018-04-21 16:02:58.461
Number of generations: 3
Size of population: 5
Heuristic 2
11
-39330.19844211388,-22993.658576297184,-156905.78188532396,-59483.35269242567,12216.707070498207,-13729.639309728449,-13968.272016763087,-20773.423983690962,-84909.66201533953,-56060.16205758491,-30852.82870824712,207.9,
-39330.19844211388,-22993.658576297184,-156905.78188532396,-59483.35269242567,12216.707070498207,-13729.639309728449,-13968.272016763087,-20773.423983690962,-84909.66201533953,-56060.16205758491,-30852.82870824712,201.0,
-39330.19844211388,-22993.658576297184,-146418.36192664408,-59483.35269242567,12216.707070498207,-13729.639309728449,-13968.272016763087,-22767.6898016365,-84909.66201533953,-50590.356456509064,-30852.82870824712,134.1,
-39330.19844211388,-22993.658576297184,-156905.78188532396,-59483.35269242567,12216.707070498207,-13729.639309728449,-13968.272016763087,-20773.423983690962,-84909.66201533953,-56060.16205758491,-30852.82870824712,0.0,
-59609.17820540205,-82410.80332427556,-109895.52037997433,26465.664472164655,-33468.833356921044,-10106.48863267613,-15277.611572658761,-27641.284295754696,-96797.79545295963,-61214.57253242991,-44384.71593283246,0.0,
