2018-04-20 23:33:09.215
Number of generations: 5
Size of population: 5
Heuristic 2
11
-75891.36298097577,-1647.7419832674702,-50854.32839401027,23922.220806243833,-1349.5829390123981,-73280.44680563189,-19433.56295777398,-94374.43315433519,-4980.513020324058,-38263.98767255098,-81764.19399675094,568.2,
-75891.36298097577,-1385.8803105713596,-50854.32839401027,23922.220806243833,-1349.5829390123981,-73280.44680563189,-21634.918057363302,-111514.57072376923,-4980.513020324058,-40043.36703648094,-81764.19399675094,342.9,
-75891.36298097577,-1385.8803105713596,-43977.09308732333,20818.607228039396,-1276.846122496553,-73280.44680563189,-21634.918057363302,-93712.67821089561,-4980.513020324058,-40043.36703648094,-81764.19399675094,250.7,
-75891.36298097577,-1385.8803105713596,-50854.32839401027,23922.220806243833,-1349.5829390123981,-73280.44680563189,-21634.918057363302,-93712.67821089561,-4980.513020324058,-40043.36703648094,-81764.19399675094,0.0,
-75891.36298097577,-1385.8803105713596,-50854.32839401027,23922.220806243833,-1349.5829390123981,-73280.44680563189,-17997.99730467958,-93314.95362666606,-5207.960749744132,-40043.36703648094,-81764.19399675094,0.0,
