2018-04-20 23:10:04.487
Number of generations: 5
Size of population: 5
Heuristic 0
11
-40415.4052823029,-51526.46756305043,-59862.50907301931,67085.83457171544,-51904.50383154267,-41292.63385659192,-28778.686239450835,-88228.93554077813,-62174.420122738586,-114363.07536718955,-144092.13332298934,545.5,
-40415.4052823029,-51526.46756305043,-59862.50907301931,67085.83457171544,-51904.50383154267,-41292.63385659192,-28778.686239450835,-88228.93554077813,-40637.80397861831,-82817.2743864372,-144092.13332298934,298.3,
-40415.4052823029,-51526.46756305043,-59862.50907301931,67085.83457171544,-51904.50383154267,-41292.63385659192,-28778.686239450835,-88228.93554077813,-62174.420122738586,-82817.2743864372,-144092.13332298934,231.2,
-40415.4052823029,-51526.46756305043,-59862.50907301931,67085.83457171544,-51904.50383154267,-41292.63385659192,-28778.686239450835,-88228.93554077813,-62174.420122738586,-82817.2743864372,-144092.13332298934,0.0,
-40415.4052823029,-51526.46756305043,-59862.50907301931,67085.83457171544,-51904.50383154267,-41292.63385659192,-28778.686239450835,-88228.93554077813,-62174.420122738586,-82817.2743864372,-144092.13332298934,0.0,
