2018-04-20 23:18:00.946
Number of generations: 5
Size of population: 5
Heuristic 0
11
-27662.540454722737,-60478.961830943736,-90277.50932748428,54178.37632566579,-44963.40185290973,-67409.44869884076,-29971.650947776012,-48396.94682813039,-13470.396302860352,-58065.788471194894,-73575.71940784568,487.8,
-27662.540454722737,-60478.961830943736,-90277.50932748428,54178.37632566579,-44977.543347234816,-67409.44869884076,-29971.650947776012,-48396.94682813039,-13470.396302860352,-54789.970301148714,-73575.71940784568,437.3,
-27662.540454722737,-60478.961830943736,-90277.50932748428,54178.37632566579,-44977.543347234816,-67409.44869884076,-29971.650947776012,-48396.94682813039,-13470.396302860352,-58065.788471194894,-73575.71940784568,354.3,
-27662.540454722737,-60478.961830943736,-90277.50932748428,54178.37632566579,-44977.543347234816,-67409.44869884076,-29971.650947776012,-48396.94682813039,-13470.396302860352,-58065.788471194894,-73575.71940784568,0.0,
-27662.540454722737,-60478.961830943736,-90277.50932748428,54178.37632566579,-44977.543347234816,-67409.44869884076,-29971.650947776012,-54024.658477636855,-13470.396302860352,-58065.788471194894,-73575.71940784568,0.0,
