2018-04-20 23:23:39.540
Number of generations: 5
Size of population: 5
Heuristic 2
11
-28017.278976171583,-38274.99904331002,-28739.022152994236,82554.8033360673,-29387.57814684612,-85897.00363953687,-26631.272050200278,-90616.47163865138,-16983.972280645605,-92208.61077902387,-78106.60940681322,174.0,
-28017.278976171583,-38274.99904331002,-28739.022152994236,82554.8033360673,-29387.57814684612,-85897.00363953687,-26631.272050200278,-90616.47163865138,-19117.312192788944,-92208.61077902387,-78106.60940681322,155.08342756494875,
-28017.278976171583,-38274.99904331002,-28739.022152994236,82554.8033360673,-29387.57814684612,-85897.00363953687,-26631.272050200278,-90616.47163865138,-19117.312192788944,-92208.61077902387,-78106.60940681322,138.9,
-28017.278976171583,-38274.99904331002,-28739.022152994236,82554.8033360673,-29387.57814684612,-85897.00363953687,-26631.272050200278,-90616.47163865138,-19117.312192788944,-92208.61077902387,-78106.60940681322,0.0,
-28983.76248745093,-38274.99904331002,-28739.022152994236,82554.8033360673,-29387.57814684612,-85897.00363953687,-26631.272050200278,-90616.47163865138,-19117.312192788944,-92208.61077902387,-78106.60940681322,0.0,
