2018-04-21 00:13:02.731
Number of generations: 5
Size of population: 5
Heuristic 2
11
-98166.45691819856,-86747.36440728001,-107403.47785965865,11426.27633931554,-2769.673008556929,-59223.32424228127,-57655.17338280885,-77808.07882637085,-13304.514952290308,-67238.95074525119,-87931.2328133345,818.4,
-98166.45691819856,-86747.36440728001,-107403.47785965865,11426.27633931554,-2769.673008556929,-59223.32424228127,-57655.17338280885,-97440.8000842777,-13304.514952290308,-67238.95074525119,-87931.2328133345,575.7,
-98166.45691819856,-86747.36440728001,-107403.47785965865,11426.27633931554,-2769.673008556929,-59223.32424228127,-57655.17338280885,-77808.07882637085,-13304.514952290308,-67238.95074525119,-87931.2328133345,497.6,
-98166.45691819856,-86747.36440728001,-107403.47785965865,11426.27633931554,-2769.673008556929,-59223.32424228127,-57655.17338280885,-77808.07882637085,-13304.514952290308,-67238.95074525119,-87931.2328133345,0.0,
-98166.45691819856,-86747.36440728001,-90245.24492957683,11426.27633931554,-2769.673008556929,-59223.32424228127,-57655.17338280885,-77808.07882637085,-13304.514952290308,-71480.33026322132,-87931.2328133345,0.0,
