2018-04-21 11:56:56.006
Number of generations: 5
Size of population: 5
Heuristic 0
11
-45169.735160294644,-74864.09491994513,-4558.8003266996675,96860.27385053561,-33199.81983743079,-11002.653241918975,-21069.12880361236,-23160.522428996905,-71133.7522526356,-12451.518763742919,-68538.71949870388,158.5,
-45169.735160294644,-74864.09491994513,-4558.8003266996675,96860.27385053561,-33199.81983743079,-11002.653241918975,-21069.12880361236,-23160.522428996905,-71133.7522526356,-12451.518763742919,-68538.71949870388,156.4,
-45169.735160294644,-74864.09491994513,-5815.021970230592,96860.27385053561,-33199.81983743079,-11002.653241918975,-21069.12880361236,-23160.522428996905,-71133.7522526356,-12451.518763742919,-68538.71949870388,130.3,
-45169.735160294644,-74864.09491994513,-4558.8003266996675,96860.27385053561,-33199.81983743079,-11002.653241918975,-21069.12880361236,-23160.522428996905,-71133.7522526356,-12451.518763742919,-68538.71949870388,0.0,
-45169.735160294644,-74864.09491994513,-4558.8003266996675,96860.27385053561,-33199.81983743079,-11002.653241918975,-21069.12880361236,-23160.522428996905,-71133.7522526356,-12451.518763742919,-68538.71949870388,0.0,
