2018-04-20 23:05:13.023
Number of generations: 5
Size of population: 5
Heuristic 2
11
-52459.53846537866,-31502.49761914344,-44696.847258557675,84398.63792016235,-79916.89467301259,-58318.33079365122,-60013.48611571836,-60205.118758133736,-83606.49251874263,-6580.119670910004,-50421.33903369233,66.9,
-52459.53846537866,-31502.49761914344,-44696.847258557675,83704.9473302797,-73019.0789652562,-58318.33079365122,-60013.48611571836,-60205.118758133736,-83606.49251874263,-6580.119670910004,-48800.46925218882,62.4,
-52459.53846537866,-31502.49761914344,-44696.847258557675,84398.63792016235,-79916.89467301259,-58318.33079365122,-60013.48611571836,-60205.118758133736,-83606.49251874263,-6580.119670910004,-50421.33903369233,50.7,
-52459.53846537866,-31502.49761914344,-44696.847258557675,84398.63792016235,-79916.89467301259,-58318.33079365122,-60013.48611571836,-60205.118758133736,-83606.49251874263,-6580.119670910004,-50421.33903369233,0.0,
-53922.529231905544,-31502.49761914344,-44696.847258557675,89491.9553980509,-71961.90054946402,-58318.33079365122,-48266.98445662019,-60205.118758133736,-83606.49251874263,-6580.119670910004,-50421.33903369233,0.0,
