2018-04-20 23:30:59.572
Number of generations: 5
Size of population: 5
Heuristic 2
11
-49405.6779661292,-60966.623446435355,-50468.04220271657,30602.752753879136,-72568.18566139854,-82341.92813845264,-74183.88975803187,-92673.37176538349,-18981.34106043323,-2791.890578018414,-50084.856103505495,91.6,
-49405.6779661292,-60966.623446435355,-50468.04220271657,30602.752753879136,-72568.18566139854,-81530.71597199392,-74183.88975803187,-92673.37176538349,-18981.34106043323,-2791.890578018414,-50084.856103505495,90.6,
-49405.6779661292,-57409.88109430671,-50468.04220271657,30223.928626994322,-72568.18566139854,-81530.71597199392,-74183.88975803187,-92673.37176538349,-18981.34106043323,-2791.890578018414,-51523.54915316774,75.0,
-49405.6779661292,-60966.623446435355,-50468.04220271657,30602.752753879136,-72568.18566139854,-81530.71597199392,-74183.88975803187,-92673.37176538349,-18981.34106043323,-2791.890578018414,-50084.856103505495,0.0,
-49405.6779661292,-60966.623446435355,-50468.04220271657,30602.752753879136,-72568.18566139854,-81530.71597199392,-74183.88975803187,-92673.37176538349,-18981.34106043323,-2791.890578018414,-50084.856103505495,0.0,
