2018-04-21 00:00:49.076
Number of generations: 5
Size of population: 5
Heuristic 2
11
-34341.59362989269,-88721.94643031656,-39848.324065670415,31060.598201455283,-71778.93465839737,-26024.15028571166,-63304.24696436487,-449.1632471881603,-59899.275896362014,-42176.67156494565,-89157.69055802269,190.8,
-28448.28667585492,-88721.94643031656,-41394.361397103516,36132.62617060285,-71778.93465839737,-26024.15028571166,-63304.24696436487,-449.1632471881603,-59899.275896362014,-42176.67156494565,-89157.69055802269,185.4,
-28551.886386602007,-88721.94643031656,-41394.361397103516,36132.62617060285,-71778.93465839737,-26024.15028571166,-63304.24696436487,-449.1632471881603,-59899.275896362014,-42176.67156494565,-89157.69055802269,158.9,
-28448.28667585492,-88721.94643031656,-41394.361397103516,36132.62617060285,-71778.93465839737,-26024.15028571166,-63304.24696436487,-449.1632471881603,-59899.275896362014,-42176.67156494565,-89157.69055802269,0.0,
-28448.28667585492,-88721.94643031656,-41837.30354482086,36132.62617060285,-71778.93465839737,-29869.811155397023,-63304.24696436487,-449.1632471881603,-59899.275896362014,-42176.67156494565,-89157.69055802269,0.0,
