2018-04-21 11:57:25.160
Number of generations: 5
Size of population: 5
Heuristic 0
11
-13187.592495636447,-79306.86213637145,-64051.874516011674,44184.347102219326,-74817.81046380226,-67312.13756882702,-11393.100259706305,-46550.85457496482,-43914.79193709743,-55350.12304991947,-40731.90410553379,139.3,
-13187.592495636447,-79306.86213637145,-64051.874516011674,44184.347102219326,-74817.81046380226,-67312.13756882702,-11393.100259706305,-40498.65557415188,-43914.79193709743,-55350.12304991947,-40731.90410553379,139.0,
-13187.592495636447,-79306.86213637145,-64051.874516011674,44184.347102219326,-74817.81046380226,-67312.13756882702,-11393.100259706305,-46550.85457496482,-43914.79193709743,-55350.12304991947,-40731.90410553379,124.5,
-13187.592495636447,-79306.86213637145,-64051.874516011674,44184.347102219326,-74817.81046380226,-67312.13756882702,-11393.100259706305,-46550.85457496482,-43914.79193709743,-55350.12304991947,-40731.90410553379,0.0,
-85939.14312827085,-72501.6868956502,-34985.14714683495,41630.099612762184,-37909.70736894863,-18225.078161659738,-19382.273608034055,-89272.3421277395,-14537.461310156665,-5283.453878632907,-14788.520819945858,0.0,
