2018-04-20 23:30:46.998
Number of generations: 5
Size of population: 5
Heuristic 2
11
-49405.6779661292,-60966.623446435355,-50468.04220271657,30602.752753879136,-72568.18566139854,-81530.71597199392,-74183.88975803187,-92673.37176538349,-18981.34106043323,-2791.890578018414,-50084.856103505495,104.6,
-55300.5374745071,-60966.623446435355,-50468.04220271657,30279.29976030212,-72568.18566139854,-81530.71597199392,-74183.88975803187,-92673.37176538349,-18981.34106043323,-2791.890578018414,-50084.856103505495,81.3,
-49405.6779661292,-60966.623446435355,-50468.04220271657,30602.752753879136,-72568.18566139854,-81530.71597199392,-74183.88975803187,-92673.37176538349,-18981.34106043323,-2791.890578018414,-50084.856103505495,78.9,
-49405.6779661292,-60966.623446435355,-50468.04220271657,30602.752753879136,-72568.18566139854,-81530.71597199392,-74183.88975803187,-92673.37176538349,-18981.34106043323,-2791.890578018414,-50084.856103505495,0.0,
-33980.542415371325,-97421.23027935243,-11347.941760172485,82606.52997833096,-89865.29639877807,-42749.91555832066,-4264.056563584338,-65545.61504686253,-44945.728248512474,-39902.41105134578,-12586.506768075837,0.0,
