2018-04-20 23:28:11.687
Number of generations: 5
Size of population: 5
Heuristic 0
11
-79027.08669446822,-32747.346062548037,-87011.64940594678,94791.75575319478,-54097.638604568674,-8749.989225720783,-66493.86856251326,-80839.59809342893,-51563.597628373456,-24003.315293606196,-10141.095881419387,83.0,
-79027.08669446822,-32747.346062548037,-87011.64940594678,94914.72786271186,-61241.36648554058,-8749.989225720783,-66493.86856251326,-80839.59809342893,-51563.597628373456,-24003.315293606196,-10141.095881419387,75.6,
-79027.08669446822,-32747.346062548037,-87011.64940594678,94914.72786271186,-61241.36648554058,-8749.989225720783,-66493.86856251326,-80839.59809342893,-51563.597628373456,-24003.315293606196,-10141.095881419387,62.3,
-79027.08669446822,-32747.346062548037,-87011.64940594678,94914.72786271186,-61241.36648554058,-8749.989225720783,-66493.86856251326,-80839.59809342893,-51563.597628373456,-24003.315293606196,-10141.095881419387,0.0,
-78580.4742106651,-32747.346062548037,-87011.64940594678,95298.27801012473,-61241.36648554058,-8749.989225720783,-66493.86856251326,-80839.59809342893,-51563.597628373456,-24003.315293606196,-10141.095881419387,0.0,
