2018-04-20 23:13:54.855
Number of generations: 5
Size of population: 5
Heuristic 0
11
-17638.264441327177,-84819.45138813311,-51333.19580488193,23503.910103700386,-48203.27062375418,-90172.37905783157,-21107.103671706223,-69801.35697436004,-13632.915759931711,-39945.971958667295,-54237.815986753914,441.5,
-17638.264441327177,-84819.45138813311,-51333.19580488193,23503.910103700386,-48203.27062375418,-90172.37905783157,-21107.103671706223,-69801.35697436004,-11576.83805782566,-39945.971958667295,-54237.815986753914,293.4,
-17638.264441327177,-73181.66221444232,-51333.19580488193,23503.910103700386,-48203.27062375418,-90172.37905783157,-21107.103671706223,-69801.35697436004,-13632.915759931711,-39945.971958667295,-54237.815986753914,273.2,
-17638.264441327177,-84819.45138813311,-51333.19580488193,23503.910103700386,-48203.27062375418,-90172.37905783157,-21107.103671706223,-69801.35697436004,-13632.915759931711,-39945.971958667295,-54237.815986753914,0.0,
-2815.961585564087,-84819.45138813311,-51333.19580488193,23503.910103700386,-48203.27062375418,-90172.37905783157,-21107.103671706223,-69801.35697436004,-13632.915759931711,-39945.971958667295,-54237.815986753914,0.0,
