2018-04-20 23:31:44.993
Number of generations: 5
Size of population: 5
Heuristic 2
11
-61365.95586036207,-6735.105403345093,-97446.44053518603,50301.95434566312,-38715.46898309853,-95534.41451139768,-48029.23367431815,-56538.1499026804,-20951.840541941623,-103784.54571839453,-74766.84635910208,150.5,
-61365.95586036207,-6735.105403345093,-97446.44053518603,50301.95434566312,-38715.46898309853,-95534.41451139768,-48029.23367431815,-56538.1499026804,-23097.878993438877,-103784.54571839453,-67060.91223003545,139.2,
-61365.95586036207,-6735.105403345093,-97446.44053518603,50301.95434566312,-38715.46898309853,-95534.41451139768,-48029.23367431815,-56267.007658954484,-20951.840541941623,-103784.54571839453,-67060.91223003545,102.4,
-61365.95586036207,-6735.105403345093,-97446.44053518603,50301.95434566312,-38715.46898309853,-95534.41451139768,-48029.23367431815,-56538.1499026804,-20951.840541941623,-103784.54571839453,-67060.91223003545,0.0,
-58823.804438003936,-6735.105403345093,-102932.55888797325,50301.95434566312,-38715.46898309853,-95534.41451139768,-48029.23367431815,-56538.1499026804,-20951.840541941623,-103784.54571839453,-67060.91223003545,0.0,
