2018-04-20 23:21:55.559
Number of generations: 5
Size of population: 5
Heuristic 2
11
-1566.640419127696,-30383.32549878741,-63849.73910207262,88105.99705005369,-4402.40939264097,-97440.54777220845,-31968.058428191798,-95279.85074756235,-53993.142142683384,-4699.993473969502,-67630.03060548977,260.9,
-1566.640419127696,-30383.32549878741,-63849.73910207262,88105.99705005369,-4402.40939264097,-97440.54777220845,-31968.058428191798,-88420.93939307578,-53993.142142683384,-4699.993473969502,-67630.03060548977,251.4,
-1415.2663597223107,-30383.32549878741,-63849.73910207262,88105.99705005369,-4402.40939264097,-97440.54777220845,-31968.058428191798,-95279.85074756235,-53993.142142683384,-4699.993473969502,-67630.03060548977,223.7,
-1566.640419127696,-30383.32549878741,-63849.73910207262,88105.99705005369,-4402.40939264097,-97440.54777220845,-31968.058428191798,-95279.85074756235,-53993.142142683384,-4699.993473969502,-67630.03060548977,0.0,
-1566.640419127696,-30383.32549878741,-63849.73910207262,88105.99705005369,-4402.40939264097,-97440.54777220845,-31968.058428191798,-95279.85074756235,-53993.142142683384,-4699.993473969502,-67630.03060548977,0.0,
