2018-04-21 11:55:55.289
Number of generations: 5
Size of population: 5
Heuristic 2
11
-53.43276607448934,-102888.20995444812,-6642.203681989362,23027.858002647128,-75798.54187821985,-3437.5960196364476,-2454.7372989258306,-79028.8586462914,-3383.0138238170766,-18074.533311206134,-52676.68662612701,377.5,
-53.43276607448934,-102888.20995444812,-6642.203681989362,23027.858002647128,-75798.54187821985,-3437.5960196364476,-2454.7372989258306,-79028.8586462914,-3383.0138238170766,-18074.533311206134,-28479.845393370473,330.5,
-53.43276607448934,-102888.20995444812,-6642.203681989362,23027.858002647128,-75798.54187821985,-3437.5960196364476,-2454.7372989258306,-79028.8586462914,-3383.0138238170766,-18074.533311206134,-52676.68662612701,209.1,
-53.43276607448934,-102888.20995444812,-6642.203681989362,23027.858002647128,-75798.54187821985,-3437.5960196364476,-2454.7372989258306,-79028.8586462914,-3383.0138238170766,-18074.533311206134,-52676.68662612701,0.0,
-53.43276607448934,-102888.20995444812,-6642.203681989362,23027.858002647128,-75798.54187821985,-3437.5960196364476,-2454.7372989258306,-79028.8586462914,-3383.0138238170766,-18074.533311206134,-52676.68662612701,0.0,
