2018-04-20 23:37:43.321
Number of generations: 5
Size of population: 5
Heuristic 2
11
-4304.1782746761855,-76171.80096017841,-85111.83464594622,24452.890112989488,-89960.08671986652,-37434.989264065975,-71242.35456533491,-87047.76368365795,-879.7853811146924,-9466.47900090093,-62846.52000866797,278.6,
-3893.297892060262,-67996.51263831883,-85111.83464594622,24452.890112989488,-89960.08671986652,-37434.989264065975,-71242.35456533491,-87047.76368365795,-879.7853811146924,-9466.47900090093,-62846.52000866797,204.7,
-3893.297892060262,-67996.51263831883,-85111.83464594622,24452.890112989488,-89960.08671986652,-37434.989264065975,-67180.46764358478,-87047.76368365795,-879.7853811146924,-9466.47900090093,-62846.52000866797,203.1,
-3893.297892060262,-67996.51263831883,-85111.83464594622,24452.890112989488,-89960.08671986652,-37434.989264065975,-71242.35456533491,-87047.76368365795,-879.7853811146924,-9466.47900090093,-62846.52000866797,0.0,
-43283.340438333595,-60517.03978680401,-85004.74755234759,25484.74867432142,-18958.282914203373,-43041.26085898395,-68081.61613849089,-70547.9843543011,-19500.42655087875,-88867.21501626074,-49218.635799629286,0.0,
