2018-04-20 23:23:33.456
Number of generations: 5
Size of population: 5
Heuristic 2
11
-28017.278976171583,-38274.99904331002,-28739.022152994236,84604.73799785935,-29387.57814684612,-85897.00363953687,-26631.272050200278,-90616.47163865138,-19117.312192788944,-92208.61077902387,-78106.60940681322,175.8,
-28983.76248745093,-38274.99904331002,-28739.022152994236,82554.8033360673,-29387.57814684612,-85897.00363953687,-26631.272050200278,-90616.47163865138,-19117.312192788944,-92208.61077902387,-78106.60940681322,152.1,
-28017.278976171583,-38274.99904331002,-28739.022152994236,82554.8033360673,-29387.57814684612,-85897.00363953687,-26631.272050200278,-90616.47163865138,-19117.312192788944,-92208.61077902387,-78106.60940681322,95.0,
-28017.278976171583,-38274.99904331002,-28739.022152994236,82554.8033360673,-29387.57814684612,-85897.00363953687,-26631.272050200278,-90616.47163865138,-19117.312192788944,-92208.61077902387,-78106.60940681322,0.0,
-28017.278976171583,-38274.99904331002,-28739.022152994236,82554.8033360673,-29387.57814684612,-85897.00363953687,-26631.272050200278,-90616.47163865138,-19117.312192788944,-92208.61077902387,-78106.60940681322,0.0,
