2018-04-21 11:56:50.818
Number of generations: 5
Size of population: 5
Heuristic 0
11
-45169.735160294644,-74864.09491994513,-4558.8003266996675,96860.27385053561,-33199.81983743079,-11002.653241918975,-21069.12880361236,-24352.583210317207,-71133.7522526356,-12451.518763742919,-68538.71949870388,238.3,
-45169.735160294644,-74864.09491994513,-4558.8003266996675,96860.27385053561,-33199.81983743079,-11002.653241918975,-21069.12880361236,-23160.522428996905,-71133.7522526356,-12451.518763742919,-68538.71949870388,134.5,
-45169.735160294644,-74864.09491994513,-4558.8003266996675,94945.34053866734,-33199.81983743079,-8514.652408679694,-21069.12880361236,-23160.522428996905,-71133.7522526356,-12451.518763742919,-68538.71949870388,120.8,
-45169.735160294644,-74864.09491994513,-4558.8003266996675,96860.27385053561,-33199.81983743079,-11002.653241918975,-21069.12880361236,-23160.522428996905,-71133.7522526356,-12451.518763742919,-68538.71949870388,0.0,
-45169.735160294644,-52603.03649796561,-4558.8003266996675,96860.27385053561,-97058.34589934483,-11002.653241918975,-21069.12880361236,-23160.522428996905,-71133.7522526356,-12451.518763742919,-68538.71949870388,0.0,
