2018-04-20 23:07:02.509
Number of generations: 5
Size of population: 5
Heuristic 2
11
-16172.074751688007,-37684.25083690234,-15328.154661322018,85786.0919898165,-26454.749118335458,-92171.82052408697,-68353.84783186892,-79859.5502689265,-91010.35522463248,-19204.490935046837,-14686.916421106467,45.4,
-16843.381941464195,-40696.062980124276,-15439.704082531229,87849.58089733915,-26454.749118335458,-92171.82052408697,-68353.84783186892,-79859.5502689265,-91010.35522463248,-19204.490935046837,-11332.87185871994,35.5,
-16172.074751688007,-37460.90288465956,-15439.704082531229,87849.58089733915,-26454.749118335458,-92171.82052408697,-68353.84783186892,-79859.5502689265,-91010.35522463248,-19204.490935046837,-11332.87185871994,31.455624382268983,
-16172.074751688007,-37684.25083690234,-15439.704082531229,87849.58089733915,-26454.749118335458,-92171.82052408697,-68353.84783186892,-79859.5502689265,-91010.35522463248,-19204.490935046837,-11332.87185871994,0.0,
-58069.897420574736,-6867.91760140704,-56504.40414247048,67915.78906661893,-16582.387804473707,-69281.59001562367,-51472.688131828545,-72312.41648727967,-26362.956329561755,-52806.33795063772,-42979.05320534453,0.0,
