2018-04-21 15:46:34.502
Number of generations: 5
Size of population: 5
Heuristic 2
11
-19139.69976077191,-150422.86278361344,-141703.1485155396,302111.8572309675,65946.59496098894,-18276.244830351337,-25393.11992281668,-71617.06313797281,-14482.293270677786,-45709.74332334277,-59390.34196212744,2566.7,
-19139.69976077191,-150422.86278361344,-141703.1485155396,302111.8572309675,54867.72717633071,-18276.244830351337,-25393.11992281668,-71617.06313797281,-14482.293270677786,-45709.74332334277,-55850.390204318974,1431.8,
-19139.69976077191,-150422.86278361344,-141703.1485155396,302111.8572309675,65946.59496098894,-18572.19399960925,-25393.11992281668,-71617.06313797281,-15006.721380005141,-45709.74332334277,-55850.390204318974,973.4,
-19139.69976077191,-150422.86278361344,-141703.1485155396,302111.8572309675,65946.59496098894,-18276.244830351337,-25393.11992281668,-71617.06313797281,-14482.293270677786,-45709.74332334277,-55850.390204318974,0.0,
142973.58252897815,-49349.887684863155,-234519.32954992435,98995.16981814081,1442.023859841298,41436.021059654624,4139.877582722394,-108306.93000070775,-54880.116100702486,-81510.7485331771,-60668.40189164991,0.0,
