2018-04-21 15:47:01.494
Number of generations: 5
Size of population: 5
Heuristic 2
11
-81336.17389705485,-113204.31968797208,-260250.75613809543,-621158.9117556493,-123713.31483470331,144820.13838987728,-43652.02080485613,-165457.23543460324,-12917.767885284906,-98524.19704075038,-98251.84845075561,159.3,
-81336.17389705485,-131924.08555769201,-249496.07778570143,-600967.1733501188,-123713.31483470331,144820.13838987728,-43652.02080485613,-165457.23543460324,-12917.767885284906,-98281.62565657862,-98251.84845075561,141.6,
-81336.17389705485,-113204.31968797208,-249496.07778570143,-600967.1733501188,-123713.31483470331,144820.13838987728,-43652.02080485613,-165457.23543460324,-12917.767885284906,-98524.19704075038,-98251.84845075561,135.03481294619098,
-81336.17389705485,-113204.31968797208,-249496.07778570143,-600967.1733501188,-123713.31483470331,144820.13838987728,-43652.02080485613,-165457.23543460324,-12917.767885284906,-98524.19704075038,-98251.84845075561,0.0,
14695.40576748758,68196.18275609614,-434651.5646193193,79267.32025894467,-39562.95271001489,159555.71283491643,-18082.98082790537,-151975.85219755326,-155900.29553693355,-119989.95803634281,-21081.67929265285,0.0,
