2018-04-21 00:00:58.048
Number of generations: 5
Size of population: 5
Heuristic 2
11
-28448.28667585492,-88721.94643031656,-41394.361397103516,36132.62617060285,-71778.93465839737,-26024.15028571166,-60062.79430097265,-449.1632471881603,-59899.275896362014,-38571.4766101699,-89157.69055802269,239.0,
-28448.28667585492,-88721.94643031656,-41394.361397103516,36132.62617060285,-71778.93465839737,-26024.15028571166,-63304.24696436487,-449.1632471881603,-59899.275896362014,-42176.67156494565,-89157.69055802269,214.16170213373638,
-28448.28667585492,-88721.94643031656,-41394.361397103516,36132.62617060285,-71778.93465839737,-26024.15028571166,-55412.06171816369,-449.1632471881603,-53124.26124197114,-42176.67156494565,-89157.69055802269,209.0,
-28448.28667585492,-88721.94643031656,-41394.361397103516,36132.62617060285,-71778.93465839737,-26024.15028571166,-63304.24696436487,-449.1632471881603,-59899.275896362014,-42176.67156494565,-89157.69055802269,0.0,
-28448.28667585492,-88721.94643031656,-41837.30354482086,36132.62617060285,-71778.93465839737,-29869.811155397023,-63304.24696436487,-449.1632471881603,-59899.275896362014,-42176.67156494565,-89157.69055802269,0.0,
