2018-04-20 23:13:41.851
Number of generations: 5
Size of population: 5
Heuristic 0
11
-17638.264441327177,-84819.45138813311,-51333.19580488193,23503.910103700386,-48203.27062375418,-90172.37905783157,-21107.103671706223,-69801.35697436004,-13632.915759931711,-39945.971958667295,-54237.815986753914,360.5,
-12603.26856534239,-84819.45138813311,-51333.19580488193,23503.910103700386,-48203.27062375418,-90172.37905783157,-21107.103671706223,-69801.35697436004,-13632.915759931711,-39945.971958667295,-54237.815986753914,346.9,
-2815.961585564087,-84819.45138813311,-51333.19580488193,23503.910103700386,-48203.27062375418,-90172.37905783157,-21107.103671706223,-69801.35697436004,-13632.915759931711,-39945.971958667295,-54237.815986753914,228.7,
-17638.264441327177,-84819.45138813311,-51333.19580488193,23503.910103700386,-48203.27062375418,-90172.37905783157,-21107.103671706223,-69801.35697436004,-13632.915759931711,-39945.971958667295,-54237.815986753914,0.0,
-81324.049602345,-39616.63494259047,-56071.108522770606,22838.193272764052,-12042.81705679807,-56285.991032339,-56705.24657566292,-40685.22512152449,-1282.4190580089344,-43792.07797464972,-52273.79618643216,0.0,
