2018-04-20 23:28:15.149
Number of generations: 5
Size of population: 5
Heuristic 0
11
-79027.08669446822,-32747.346062548037,-87011.64940594678,94914.72786271186,-61241.36648554058,-8749.989225720783,-66493.86856251326,-80839.59809342893,-51563.597628373456,-24003.315293606196,-10141.095881419387,94.1,
-79027.08669446822,-32747.346062548037,-87011.64940594678,94914.72786271186,-61241.36648554058,-8749.989225720783,-66493.86856251326,-80839.59809342893,-51563.597628373456,-24003.315293606196,-10141.095881419387,90.0,
-79027.08669446822,-32747.346062548037,-87011.64940594678,94914.72786271186,-61241.36648554058,-8749.989225720783,-66493.86856251326,-80839.59809342893,-51563.597628373456,-24003.315293606196,-10141.095881419387,69.9,
-79027.08669446822,-32747.346062548037,-87011.64940594678,94914.72786271186,-61241.36648554058,-8749.989225720783,-66493.86856251326,-80839.59809342893,-51563.597628373456,-24003.315293606196,-10141.095881419387,0.0,
-79027.08669446822,-32747.346062548037,-87011.64940594678,94914.72786271186,-61241.36648554058,-8749.989225720783,-66493.86856251326,-80839.59809342893,-51563.597628373456,-24003.315293606196,-10141.095881419387,0.0,
