2018-04-21 11:57:51.444
Number of generations: 5
Size of population: 5
Heuristic 0
11
-13187.592495636447,-79306.86213637145,-64051.874516011674,23347.594291761983,-47059.412336847774,-43959.57807512642,-3700.717251804223,-46550.85457496482,-7822.151111357903,-55350.12304991947,-40731.90410553379,310.3,
-13406.455450432035,-79306.86213637145,-64051.874516011674,23347.594291761983,-47059.412336847774,-92614.94002021257,-3700.717251804223,-46550.85457496482,-7822.151111357903,-55350.12304991947,-40731.90410553379,287.8,
-13187.592495636447,-79306.86213637145,-64051.874516011674,23347.594291761983,-47059.412336847774,-67312.13756882702,-3700.717251804223,-46550.85457496482,-7822.151111357903,-55350.12304991947,-40731.90410553379,251.0,
-13187.592495636447,-79306.86213637145,-64051.874516011674,23347.594291761983,-47059.412336847774,-67312.13756882702,-3700.717251804223,-46550.85457496482,-7822.151111357903,-55350.12304991947,-40731.90410553379,0.0,
-13187.592495636447,-79306.86213637145,-64051.874516011674,23347.594291761983,-47059.412336847774,-67312.13756882702,-11393.100259706305,-46550.85457496482,-43914.79193709743,-55350.12304991947,-40731.90410553379,0.0,
