2018-04-21 00:12:21.137
Number of generations: 5
Size of population: 5
Heuristic 2
11
-98166.45691819856,-86747.36440728001,-90245.24492957683,12928.834323036168,-2769.673008556929,-59223.32424228127,-57655.17338280885,-77808.07882637085,-12192.01874380355,-71480.33026322132,-87931.2328133345,794.0,
-98166.45691819856,-86747.36440728001,-90245.24492957683,11426.27633931554,-2769.673008556929,-59223.32424228127,-57655.17338280885,-77808.07882637085,-13304.514952290308,-71480.33026322132,-87931.2328133345,622.7,
-98166.45691819856,-86747.36440728001,-90245.24492957683,11683.47940016632,-2769.673008556929,-59223.32424228127,-57655.17338280885,-87118.17487512979,-14318.082705931674,-71480.33026322132,-87931.2328133345,529.4,
-98166.45691819856,-86747.36440728001,-90245.24492957683,11683.47940016632,-2769.673008556929,-59223.32424228127,-57655.17338280885,-77808.07882637085,-13304.514952290308,-71480.33026322132,-87931.2328133345,0.0,
-98166.45691819856,-86747.36440728001,-74927.20227195747,11683.47940016632,-2769.673008556929,-59223.32424228127,-57655.17338280885,-77808.07882637085,-13304.514952290308,-71480.33026322132,-87931.2328133345,0.0,
