2018-04-20 23:29:00.466
Number of generations: 5
Size of population: 5
Heuristic 2
11
-6379.293246672082,-6202.503127115793,-71285.4419759012,74591.9442463809,-78350.90892798096,-6363.014399258507,-21978.454853436484,-22940.28911138173,-21538.154635445855,-80891.3295632365,-97863.87673920959,254.9,
-5170.42385669543,-6202.503127115793,-71285.4419759012,74591.9442463809,-78350.90892798096,-6363.014399258507,-21978.454853436484,-22940.28911138173,-21538.154635445855,-80891.3295632365,-97863.87673920959,169.2,
-5170.42385669543,-6202.503127115793,-71285.4419759012,74591.9442463809,-78350.90892798096,-5873.141993365934,-24448.323301819994,-24480.53388890342,-21538.154635445855,-80891.3295632365,-97863.87673920959,154.95438369730158,
-5170.42385669543,-6202.503127115793,-71285.4419759012,74591.9442463809,-78350.90892798096,-6363.014399258507,-21978.454853436484,-22940.28911138173,-21538.154635445855,-80891.3295632365,-97863.87673920959,0.0,
-5170.42385669543,-6202.503127115793,-71285.4419759012,74591.9442463809,-78350.90892798096,-6363.014399258507,-21978.454853436484,-22940.28911138173,-21538.154635445855,-80891.3295632365,-92396.740377877,0.0,
