2018-04-21 00:11:55.479
Number of generations: 5
Size of population: 5
Heuristic 2
11
-98166.45691819856,-86747.36440728001,-74927.20227195747,11683.47940016632,-2769.673008556929,-59223.32424228127,-57655.17338280885,-77808.07882637085,-13304.514952290308,-71480.33026322132,-87931.2328133345,872.5,
-98166.45691819856,-86747.36440728001,-90245.24492957683,11683.47940016632,-2769.673008556929,-59223.32424228127,-57655.17338280885,-77808.07882637085,-13304.514952290308,-71480.33026322132,-87931.2328133345,685.2,
-98166.45691819856,-86747.36440728001,-90245.24492957683,11683.47940016632,-2769.673008556929,-59223.32424228127,-59407.84427128703,-77808.07882637085,-13304.514952290308,-71480.33026322132,-87931.2328133345,527.6,
-98166.45691819856,-86747.36440728001,-90245.24492957683,11683.47940016632,-2769.673008556929,-59223.32424228127,-57655.17338280885,-77808.07882637085,-13304.514952290308,-71480.33026322132,-87931.2328133345,0.0,
-98166.45691819856,-86747.36440728001,-90245.24492957683,11683.47940016632,-2769.673008556929,-59223.32424228127,-57655.17338280885,-77808.07882637085,-13304.514952290308,-71480.33026322132,-87931.2328133345,0.0,
