2018-04-21 11:57:42.398
Number of generations: 5
Size of population: 5
Heuristic 0
11
-13187.592495636447,-79306.86213637145,-64051.874516011674,23347.594291761983,-47059.412336847774,-67312.13756882702,-11393.100259706305,-46550.85457496482,-43914.79193709743,-55350.12304991947,-40731.90410553379,183.72769172553382,
-13187.592495636447,-79306.86213637145,-64051.874516011674,23347.594291761983,-47059.412336847774,-67312.13756882702,-3700.717251804223,-46550.85457496482,-7822.151111357903,-55350.12304991947,-40731.90410553379,153.3,
-13187.592495636447,-79306.86213637145,-64051.874516011674,9508.002124416835,-47059.412336847774,-67312.13756882702,-7533.743567591262,-46550.85457496482,-43914.79193709743,-55350.12304991947,-40731.90410553379,134.1,
-13187.592495636447,-79306.86213637145,-64051.874516011674,23347.594291761983,-47059.412336847774,-67312.13756882702,-11393.100259706305,-46550.85457496482,-43914.79193709743,-55350.12304991947,-40731.90410553379,0.0,
-13187.592495636447,-79306.86213637145,-64051.874516011674,44184.347102219326,-74817.81046380226,-67312.13756882702,-11393.100259706305,-46550.85457496482,-43914.79193709743,-55350.12304991947,-40731.90410553379,0.0,
