2018-04-20 23:26:55.913
Number of generations: 5
Size of population: 5
Heuristic 0
11
-1750.6910203406442,-76084.64294810401,-81950.2681458936,48077.76759931246,-38976.462267411516,-21276.99734482802,-13221.4029686094,-31880.706189492295,-96342.12549263326,-36116.821562282894,-82401.23901327766,253.6,
-1750.6910203406442,-76084.64294810401,-78801.561105487,48077.76759931246,-38976.462267411516,-21276.99734482802,-13221.4029686094,-31880.706189492295,-96342.12549263326,-34397.383798355004,-82401.23901327766,190.3,
-1750.6910203406442,-76084.64294810401,-81950.2681458936,48077.76759931246,-38976.462267411516,-21276.99734482802,-13221.4029686094,-31880.706189492295,-96342.12549263326,-36116.821562282894,-82401.23901327766,151.4,
-1750.6910203406442,-76084.64294810401,-81950.2681458936,48077.76759931246,-38976.462267411516,-21276.99734482802,-13221.4029686094,-31880.706189492295,-96342.12549263326,-36116.821562282894,-82401.23901327766,0.0,
-1750.6910203406442,-76084.64294810401,-84983.16769114089,48077.76759931246,-38976.462267411516,-21276.99734482802,-13221.4029686094,-31880.706189492295,-80676.69766077686,-36116.821562282894,-82401.23901327766,0.0,
