2018-04-21 15:45:22.901
Number of generations: 5
Size of population: 5
Heuristic 2
11
-12639.301231021229,-102024.46940577336,-125294.35928025062,123823.82660368839,22249.572583843517,19584.656726510042,-35432.95587063297,-82867.23452284471,-37638.2196254805,-46129.64375075063,-57319.73022062547,758.5,
-12639.301231021229,-102024.46940577336,-128784.46305926528,123823.82660368839,22249.572583843517,19584.656726510042,-35432.95587063297,-82867.23452284471,-37638.2196254805,-46129.64375075063,-57319.73022062547,539.7,
-11796.996862108175,-102024.46940577336,-125294.35928025062,123823.82660368839,22249.572583843517,18139.621149868675,-35432.95587063297,-90380.5732893691,-37638.2196254805,-46129.64375075063,-57319.73022062547,432.8,
-12639.301231021229,-102024.46940577336,-125294.35928025062,123823.82660368839,22249.572583843517,19584.656726510042,-35432.95587063297,-82867.23452284471,-37638.2196254805,-46129.64375075063,-57319.73022062547,0.0,
-15805.680067383733,-84621.3213095839,-142948.39982553147,21800.26666003868,-27281.55847461876,65951.1489188248,-43484.201285625604,-101949.520299111,-40606.01319603651,-42970.34892713881,-72028.18621753431,0.0,
