2018-04-20 23:31:29.544
Number of generations: 5
Size of population: 5
Heuristic 2
11
-61365.95586036207,-6735.105403345093,-97446.44053518603,50301.95434566312,-38715.46898309853,-95534.41451139768,-49731.612685165615,-40509.30386386669,-20951.840541941623,-98173.03887971271,-67060.91223003545,128.5,
-61365.95586036207,-7611.916179217515,-97446.44053518603,50301.95434566312,-38715.46898309853,-95534.41451139768,-48029.23367431815,-56538.1499026804,-20951.840541941623,-98173.03887971271,-67060.91223003545,115.9,
-61365.95586036207,-6735.105403345093,-107811.22068087691,50301.95434566312,-38715.46898309853,-95534.41451139768,-48029.23367431815,-56538.1499026804,-20951.840541941623,-98173.03887971271,-67060.91223003545,105.8,
-61365.95586036207,-6735.105403345093,-97446.44053518603,50301.95434566312,-38715.46898309853,-95534.41451139768,-48029.23367431815,-56538.1499026804,-20951.840541941623,-98173.03887971271,-67060.91223003545,0.0,
-61365.95586036207,-6735.105403345093,-97446.44053518603,50301.95434566312,-38715.46898309853,-95534.41451139768,-48029.23367431815,-56538.1499026804,-20951.840541941623,-103784.54571839453,-67060.91223003545,0.0,
