2018-04-20 23:23:54.681
Number of generations: 5
Size of population: 5
Heuristic 2
11
-28625.737024913164,-38274.99904331002,-28739.022152994236,82554.8033360673,-29387.57814684612,-85897.00363953687,-26631.272050200278,-86407.01955201633,-19117.312192788944,-92208.61077902387,-78106.60940681322,174.2,
-28017.278976171583,-38274.99904331002,-28739.022152994236,92038.867378943,-29387.57814684612,-82810.7244383325,-26631.272050200278,-90616.47163865138,-19117.312192788944,-92208.61077902387,-78106.60940681322,133.0,
-28017.278976171583,-39782.035758806676,-28739.022152994236,82554.8033360673,-29387.57814684612,-85897.00363953687,-26631.272050200278,-90616.47163865138,-20356.128238789723,-108675.14843528866,-78106.60940681322,127.4,
-28017.278976171583,-38274.99904331002,-28739.022152994236,82554.8033360673,-29387.57814684612,-85897.00363953687,-26631.272050200278,-90616.47163865138,-19117.312192788944,-92208.61077902387,-78106.60940681322,0.0,
-28017.278976171583,-38274.99904331002,-28739.022152994236,82554.8033360673,-29387.57814684612,-85897.00363953687,-26631.272050200278,-90616.47163865138,-19117.312192788944,-92208.61077902387,-78106.60940681322,0.0,
