2018-04-21 15:46:54.542
Number of generations: 5
Size of population: 5
Heuristic 2
11
127340.54732631771,117899.13347331822,-275385.6873991012,131485.30406030754,-67068.52156621752,116522.52778703,-7455.410679949302,-156243.53523456852,-126986.48453631671,-124520.0326395066,-55801.11841083237,134.6,
128364.28396508373,117899.13347331822,-275385.6873991012,147922.08358049844,-66165.79921401021,116522.52778703,-7691.164553614805,-156243.53523456852,-126986.48453631671,-124520.0326395066,-61245.50439311094,94.8,
128364.28396508373,117899.13347331822,-275385.6873991012,147922.08358049844,-66165.79921401021,116522.52778703,-7455.410679949302,-156243.53523456852,-126986.48453631671,-124520.0326395066,-64776.53362215138,92.7,
128364.28396508373,117899.13347331822,-275385.6873991012,147922.08358049844,-66165.79921401021,116522.52778703,-7455.410679949302,-156243.53523456852,-126986.48453631671,-124520.0326395066,-61245.50439311094,0.0,
-27202.514669959735,-93407.15923239589,-264406.01352182444,-343928.2928934732,-46254.572029039125,124645.82128870141,-38888.05060203829,-141591.28548983205,-23557.977646836152,-46845.28139374398,-75015.12611008162,0.0,
