2018-04-20 23:14:09.700
Number of generations: 5
Size of population: 5
Heuristic 0
11
-2815.961585564087,-84819.45138813311,-51333.19580488193,23503.910103700386,-48203.27062375418,-90172.37905783157,-21107.103671706223,-69801.35697436004,-13632.915759931711,-39945.971958667295,-54237.815986753914,462.9,
-2815.961585564087,-84819.45138813311,-51333.19580488193,23503.910103700386,-48203.27062375418,-90172.37905783157,-21107.103671706223,-69801.35697436004,-13632.915759931711,-39945.971958667295,-54237.815986753914,399.2,
-2084.3349894460002,-84819.45138813311,-51333.19580488193,23503.910103700386,-48203.27062375418,-90172.37905783157,-21107.103671706223,-69801.35697436004,-13632.915759931711,-39945.971958667295,-54237.815986753914,76.15774332771385,
-2815.961585564087,-84819.45138813311,-51333.19580488193,23503.910103700386,-48203.27062375418,-90172.37905783157,-21107.103671706223,-69801.35697436004,-13632.915759931711,-39945.971958667295,-54237.815986753914,0.0,
-17638.264441327177,-84819.45138813311,-51333.19580488193,23503.910103700386,-48203.27062375418,-90172.37905783157,-21107.103671706223,-69801.35697436004,-13632.915759931711,-39945.971958667295,-54237.815986753914,0.0,
