2018-04-20 23:23:30.277
Number of generations: 5
Size of population: 5
Heuristic 2
11
-28017.278976171583,-38274.99904331002,-28739.022152994236,82554.8033360673,-29387.57814684612,-85897.00363953687,-26631.272050200278,-90616.47163865138,-19117.312192788944,-92208.61077902387,-78106.60940681322,167.5,
-28017.278976171583,-38274.99904331002,-28739.022152994236,82554.8033360673,-29387.57814684612,-85897.00363953687,-26631.272050200278,-90616.47163865138,-19117.312192788944,-92208.61077902387,-78106.60940681322,159.0,
-28017.278976171583,-38274.99904331002,-28739.022152994236,82554.8033360673,-31472.93629288932,-85897.00363953687,-26631.272050200278,-90616.47163865138,-19117.312192788944,-92208.61077902387,-78106.60940681322,155.9,
-28017.278976171583,-38274.99904331002,-28739.022152994236,82554.8033360673,-29387.57814684612,-85897.00363953687,-26631.272050200278,-90616.47163865138,-19117.312192788944,-92208.61077902387,-78106.60940681322,0.0,
-54363.846096558635,-17384.111066725396,-23728.353298909875,95850.31339516559,-85393.01964611156,-88398.74714337244,-84054.14735762773,-91921.89602407957,-36630.883212501285,-1910.220915798549,-14645.51363350058,0.0,
