2018-04-20 23:36:00.889
Number of generations: 5
Size of population: 5
Heuristic 2
11
-61077.9472640267,-45196.78131959285,-96827.68130274066,54307.71414030403,-8131.489669092143,-85206.24568631247,-35455.75591389998,-5755.561578445238,-43870.92721581913,-52598.71094862496,-87454.61502349594,417.9,
-61077.9472640267,-45196.78131959285,-96827.68130274066,54307.71414030403,-8116.522296213419,-85206.24568631247,-35455.75591389998,-5755.561578445238,-43870.92721581913,-52598.71094862496,-87454.61502349594,314.7,
-61077.9472640267,-45196.78131959285,-96706.42963382784,54307.71414030403,-8503.75893598207,-85206.24568631247,-35455.75591389998,-5755.561578445238,-43870.92721581913,-52598.71094862496,-87454.61502349594,303.7,
-61077.9472640267,-45196.78131959285,-96827.68130274066,54307.71414030403,-8503.75893598207,-85206.24568631247,-35455.75591389998,-5755.561578445238,-43870.92721581913,-52598.71094862496,-87454.61502349594,0.0,
-61077.9472640267,-45196.78131959285,-96827.68130274066,54307.71414030403,-8503.75893598207,-85206.24568631247,-35455.75591389998,-5755.561578445238,-43870.92721581913,-52598.71094862496,-87454.61502349594,0.0,
