2018-04-20 23:17:01.557
Number of generations: 5
Size of population: 5
Heuristic 0
11
-27662.540454722737,-58436.86892944591,-90277.50932748428,54178.37632566579,-44977.543347234816,-67409.44869884076,-29971.650947776012,-48396.94682813039,-16006.11381915967,-58065.788471194894,-73575.71940784568,557.8,
-27662.540454722737,-60478.961830943736,-90277.50932748428,54178.37632566579,-44977.543347234816,-67409.44869884076,-29971.650947776012,-48396.94682813039,-16006.11381915967,-58065.788471194894,-73575.71940784568,451.1,
-27662.540454722737,-60478.961830943736,-90277.50932748428,54178.37632566579,-44977.543347234816,-67409.44869884076,-29971.650947776012,-48396.94682813039,-16006.11381915967,-58065.788471194894,-73575.71940784568,388.47012711422883,
-27662.540454722737,-60478.961830943736,-90277.50932748428,54178.37632566579,-44977.543347234816,-67409.44869884076,-29971.650947776012,-48396.94682813039,-16006.11381915967,-58065.788471194894,-73575.71940784568,0.0,
-82197.59353174352,-51043.782192830855,-62656.880088227874,98186.9977001776,-11614.45636147332,-49720.791942162854,-68485.8975747147,-68162.11437667455,-52666.560832172814,-47965.622559420415,-75120.59292762558,0.0,
