2018-04-21 00:11:35.051
Number of generations: 5
Size of population: 5
Heuristic 2
11
-98166.45691819856,-86747.36440728001,-90245.24492957683,11864.871504225906,-2769.673008556929,-59223.32424228127,-57655.17338280885,-77808.07882637085,-14280.734714523578,-71480.33026322132,-87931.2328133345,769.5,
-98166.45691819856,-86747.36440728001,-90245.24492957683,11683.47940016632,-2769.673008556929,-59223.32424228127,-57655.17338280885,-77808.07882637085,-13304.514952290308,-71480.33026322132,-87931.2328133345,485.9,
-98166.45691819856,-86747.36440728001,-90245.24492957683,11683.47940016632,-2769.673008556929,-59223.32424228127,-57655.17338280885,-77808.07882637085,-13304.514952290308,-71480.33026322132,-87931.2328133345,411.9,
-98166.45691819856,-86747.36440728001,-90245.24492957683,11683.47940016632,-2769.673008556929,-59223.32424228127,-57655.17338280885,-77808.07882637085,-13304.514952290308,-71480.33026322132,-87931.2328133345,0.0,
-31033.69039547132,-61225.83343385326,-85475.41598579746,57738.83294547433,-50664.256034343045,-15053.728643533366,-65941.77220508052,-22515.582779169097,-5686.956856603836,-47904.07630683684,-27067.193912612594,0.0,
