2018-04-21 11:55:29.043
Number of generations: 5
Size of population: 5
Heuristic 2
11
-53.43276607448934,-79501.52044371913,-6556.1342941880575,23027.858002647128,-75798.54187821985,-4399.342893157183,-85866.43152567312,-79028.8586462914,-3383.0138238170766,-19361.622758994145,-52676.68662612701,201.8,
-53.43276607448934,-79501.52044371913,-6556.1342941880575,23027.858002647128,-75798.54187821985,-3437.5960196364476,-85866.43152567312,-79028.8586462914,-3383.0138238170766,-18074.533311206134,-52676.68662612701,198.8,
-53.43276607448934,-79501.52044371913,-6556.1342941880575,23027.858002647128,-75798.54187821985,-4399.342893157183,-85866.43152567312,-79028.8586462914,-3383.0138238170766,-18074.533311206134,-52676.68662612701,171.2,
-53.43276607448934,-79501.52044371913,-6556.1342941880575,23027.858002647128,-75798.54187821985,-4399.342893157183,-85866.43152567312,-79028.8586462914,-3383.0138238170766,-18074.533311206134,-52676.68662612701,0.0,
-23161.475580193423,-56579.569795533476,-56987.384693204636,11331.142548500538,-23347.153873337083,-93213.55072246068,-60831.11223369834,-25323.735489203245,-34348.12185732466,-95186.9335425629,-27284.465472262862,0.0,
