2018-04-20 23:30:50.227
Number of generations: 5
Size of population: 5
Heuristic 2
11
-49405.6779661292,-60966.623446435355,-50468.04220271657,30602.752753879136,-72568.18566139854,-81530.71597199392,-74183.88975803187,-92673.37176538349,-18981.34106043323,-2791.890578018414,-50084.856103505495,98.4,
-49405.6779661292,-61187.04537864864,-50468.04220271657,30602.752753879136,-72568.18566139854,-81530.71597199392,-74183.88975803187,-92673.37176538349,-16106.135991201185,-2791.890578018414,-50084.856103505495,80.6,
-49405.6779661292,-60966.623446435355,-50468.04220271657,29929.02527054197,-72568.18566139854,-90874.35450666466,-74183.88975803187,-92673.37176538349,-18981.34106043323,-2791.890578018414,-50084.856103505495,58.20938233294334,
-49405.6779661292,-60966.623446435355,-50468.04220271657,30602.752753879136,-72568.18566139854,-81530.71597199392,-74183.88975803187,-92673.37176538349,-18981.34106043323,-2791.890578018414,-50084.856103505495,0.0,
-49405.6779661292,-60966.623446435355,-50468.04220271657,30602.752753879136,-72568.18566139854,-81530.71597199392,-74183.88975803187,-92673.37176538349,-18981.34106043323,-2791.890578018414,-50084.856103505495,0.0,
