2018-04-21 15:46:48.640
Number of generations: 5
Size of population: 5
Heuristic 2
11
1957.0930910523857,-172926.7549504131,-296025.7195102243,163867.72612666045,53819.14652793355,83373.77002978421,-41145.855850103035,-100097.99107212751,-91200.80710498153,-52140.136812931996,-23088.99158406521,317.7,
1957.0930910523857,-172926.7549504131,-296025.7195102243,163867.72612666045,59235.6175891635,83373.77002978421,-47037.79203177355,-100097.99107212751,-91200.80710498153,-52140.136812931996,-25148.77858859826,228.4,
1957.0930910523857,-172926.7549504131,-296025.7195102243,163867.72612666045,59235.6175891635,78672.57553496683,-41145.855850103035,-100097.99107212751,-91200.80710498153,-52140.136812931996,-23088.99158406521,175.5,
1957.0930910523857,-172926.7549504131,-296025.7195102243,163867.72612666045,59235.6175891635,83373.77002978421,-41145.855850103035,-100097.99107212751,-91200.80710498153,-52140.136812931996,-23088.99158406521,0.0,
128445.15505750553,-9856.663375713397,-231468.90075623008,198928.18352368148,-21260.05158130813,53169.87712484275,10061.129807111996,-120893.14495652968,-78692.23509661143,-94171.45466449362,-57932.622239711956,0.0,
