2018-04-20 23:10:28.684
Number of generations: 5
Size of population: 5
Heuristic 0
11
-40415.4052823029,-51526.46756305043,-87176.81750538557,67085.83457171544,-51904.50383154267,-41292.63385659192,-28778.686239450835,-53513.12187476898,-40637.80397861831,-82817.2743864372,-144092.13332298934,419.6,
-40415.4052823029,-51526.46756305043,-59862.50907301931,67085.83457171544,-51904.50383154267,-41292.63385659192,-28778.686239450835,-88228.93554077813,-40637.80397861831,-82817.2743864372,-144092.13332298934,329.0,
-40415.4052823029,-51526.46756305043,-59862.50907301931,67085.83457171544,-51904.50383154267,-41292.63385659192,-28778.686239450835,-88228.93554077813,-40637.80397861831,-82817.2743864372,-144092.13332298934,325.4,
-40415.4052823029,-51526.46756305043,-59862.50907301931,67085.83457171544,-51904.50383154267,-41292.63385659192,-28778.686239450835,-88228.93554077813,-40637.80397861831,-82817.2743864372,-144092.13332298934,0.0,
-40415.4052823029,-51526.46756305043,-59862.50907301931,67085.83457171544,-51904.50383154267,-41292.63385659192,-28778.686239450835,-88228.93554077813,-40637.80397861831,-82817.2743864372,-144092.13332298934,0.0,
