2018-04-21 00:00:34.817
Number of generations: 5
Size of population: 5
Heuristic 2
11
-28448.28667585492,-88721.94643031656,-41394.361397103516,36132.62617060285,-66764.99772206205,-29869.811155397023,-61841.4104361855,-449.1632471881603,-59899.275896362014,-42176.67156494565,-89157.69055802269,178.5,
-28448.28667585492,-88721.94643031656,-41394.361397103516,36132.62617060285,-66764.99772206205,-29869.811155397023,-61841.4104361855,-449.1632471881603,-59899.275896362014,-42176.67156494565,-89157.69055802269,167.6,
-28448.28667585492,-88721.94643031656,-41394.361397103516,36132.62617060285,-71778.93465839737,-29869.811155397023,-63304.24696436487,-449.1632471881603,-59899.275896362014,-42176.67156494565,-89157.69055802269,167.3,
-28448.28667585492,-88721.94643031656,-41394.361397103516,36132.62617060285,-66764.99772206205,-29869.811155397023,-61841.4104361855,-449.1632471881603,-59899.275896362014,-42176.67156494565,-89157.69055802269,0.0,
-91613.28035338732,-52941.83912036977,-56004.33271136061,86067.12943346048,-45856.944848847925,-63112.20114786083,-52338.69607631788,-2759.322972146867,-9866.230922220537,-99669.86440198221,-87118.24555435876,0.0,
