2018-04-20 23:28:04.173
Number of generations: 5
Size of population: 5
Heuristic 0
11
-81513.78062340779,-27293.482168106653,-54436.57831384838,36346.80156158996,-45758.20770817064,-22572.605607525475,-59647.057700062636,-96092.97566147016,-54423.86818814637,-93557.33756914428,-39731.97800754502,83.5,
-81513.78062340779,-27293.482168106653,-54436.57831384838,36346.80156158996,-45758.20770817064,-22572.605607525475,-59475.56968270451,-96092.97566147016,-54423.86818814637,-93557.33756914428,-39731.97800754502,62.4,
-81513.78062340779,-27293.482168106653,-54436.57831384838,36346.80156158996,-47220.91325592422,-22572.605607525475,-59647.057700062636,-96092.97566147016,-54423.86818814637,-93557.33756914428,-39731.97800754502,59.7,
-81513.78062340779,-27293.482168106653,-54436.57831384838,36346.80156158996,-45758.20770817064,-22572.605607525475,-59647.057700062636,-96092.97566147016,-54423.86818814637,-93557.33756914428,-39731.97800754502,0.0,
-79027.08669446822,-32747.346062548037,-87011.64940594678,94914.72786271186,-61241.36648554058,-8749.989225720783,-66493.86856251326,-80839.59809342893,-51563.597628373456,-24003.315293606196,-10141.095881419387,0.0,
