2018-04-20 23:23:47.538
Number of generations: 5
Size of population: 5
Heuristic 2
11
-28017.278976171583,-38274.99904331002,-28739.022152994236,82554.8033360673,-29387.57814684612,-85897.00363953687,-26631.272050200278,-90616.47163865138,-19117.312192788944,-92208.61077902387,-78106.60940681322,166.3,
-28017.278976171583,-38274.99904331002,-28739.022152994236,82554.8033360673,-29387.57814684612,-85897.00363953687,-26631.272050200278,-90616.47163865138,-19117.312192788944,-86314.160495169,-78106.60940681322,151.5,
-28017.278976171583,-38274.99904331002,-28739.022152994236,82554.8033360673,-29387.57814684612,-85897.00363953687,-26631.272050200278,-90616.47163865138,-19117.312192788944,-92208.61077902387,-78106.60940681322,131.4,
-28017.278976171583,-38274.99904331002,-28739.022152994236,82554.8033360673,-29387.57814684612,-85897.00363953687,-26631.272050200278,-90616.47163865138,-19117.312192788944,-92208.61077902387,-78106.60940681322,0.0,
-28017.278976171583,-38274.99904331002,-28739.022152994236,82554.8033360673,-29387.57814684612,-85897.00363953687,-26631.272050200278,-90616.47163865138,-19117.312192788944,-92208.61077902387,-78106.60940681322,0.0,
