2018-04-20 23:05:21.961
Number of generations: 5
Size of population: 5
Heuristic 2
11
-52459.53846537866,-31502.49761914344,-44696.847258557675,83704.9473302797,-73019.0789652562,-58318.33079365122,-60013.48611571836,-60205.118758133736,-83606.49251874263,-6580.119670910004,-48800.46925218882,79.3,
-52459.53846537866,-31502.49761914344,-44696.847258557675,83704.9473302797,-73019.0789652562,-58318.33079365122,-54386.15125257177,-60205.118758133736,-83606.49251874263,-6580.119670910004,-48800.46925218882,73.2,
-52459.53846537866,-31502.49761914344,-44696.847258557675,83704.9473302797,-73019.0789652562,-58318.33079365122,-60013.48611571836,-62056.23348856628,-83606.49251874263,-6580.119670910004,-40312.578263637275,66.1,
-52459.53846537866,-31502.49761914344,-44696.847258557675,83704.9473302797,-73019.0789652562,-58318.33079365122,-60013.48611571836,-60205.118758133736,-83606.49251874263,-6580.119670910004,-48800.46925218882,0.0,
-52459.53846537866,-31502.49761914344,-44696.847258557675,84398.63792016235,-79916.89467301259,-58318.33079365122,-60013.48611571836,-60205.118758133736,-83606.49251874263,-6580.119670910004,-50421.33903369233,0.0,
