2018-04-20 23:27:04.169
Number of generations: 5
Size of population: 5
Heuristic 0
11
-1750.6910203406442,-76084.64294810401,-81950.2681458936,48077.76759931246,-38976.462267411516,-21276.99734482802,-13221.4029686094,-31880.706189492295,-96342.12549263326,-36116.821562282894,-82401.23901327766,205.0,
-1750.6910203406442,-76084.64294810401,-81950.2681458936,48077.76759931246,-38976.462267411516,-21276.99734482802,-12789.976385691021,-32184.09755723154,-79508.86190860494,-36116.821562282894,-82401.23901327766,205.0,
-1750.6910203406442,-76084.64294810401,-81950.2681458936,48077.76759931246,-38976.462267411516,-21263.0402047918,-13221.4029686094,-31880.706189492295,-96342.12549263326,-36116.821562282894,-70429.2737604447,182.5,
-1750.6910203406442,-76084.64294810401,-81950.2681458936,48077.76759931246,-38976.462267411516,-21276.99734482802,-13221.4029686094,-31880.706189492295,-96342.12549263326,-36116.821562282894,-82401.23901327766,0.0,
-1750.6910203406442,-76084.64294810401,-84983.16769114089,48077.76759931246,-38976.462267411516,-21276.99734482802,-13221.4029686094,-31880.706189492295,-80676.69766077686,-36116.821562282894,-82401.23901327766,0.0,
