2018-04-21 11:57:37.322
Number of generations: 5
Size of population: 5
Heuristic 0
11
-13187.592495636447,-29246.988874922892,-64051.874516011674,44184.347102219326,-74817.81046380226,-67312.13756882702,-11393.100259706305,-46550.85457496482,-43914.79193709743,-55350.12304991947,-40731.90410553379,129.5,
-13187.592495636447,-79306.86213637145,-64051.874516011674,44184.347102219326,-74817.81046380226,-67312.13756882702,-11393.100259706305,-46550.85457496482,-43914.79193709743,-55350.12304991947,-40731.90410553379,128.7,
-13187.592495636447,-79306.86213637145,-64051.874516011674,44184.347102219326,-74817.81046380226,-67312.13756882702,-11393.100259706305,-46550.85457496482,-43914.79193709743,-55350.12304991947,-40731.90410553379,127.8,
-13187.592495636447,-79306.86213637145,-64051.874516011674,44184.347102219326,-74817.81046380226,-67312.13756882702,-11393.100259706305,-46550.85457496482,-43914.79193709743,-55350.12304991947,-40731.90410553379,0.0,
-13187.592495636447,-79306.86213637145,-64051.874516011674,23347.594291761983,-47059.412336847774,-67312.13756882702,-11393.100259706305,-46550.85457496482,-43914.79193709743,-55350.12304991947,-40731.90410553379,0.0,
