2018-04-20 23:31:33.807
Number of generations: 5
Size of population: 5
Heuristic 2
11
-61365.95586036207,-6735.105403345093,-107811.22068087691,56900.52580639515,-40947.43516646158,-95534.41451139768,-48029.23367431815,-56538.1499026804,-20951.840541941623,-98173.03887971271,-67060.91223003545,143.9,
-61365.95586036207,-6735.105403345093,-107811.22068087691,50301.95434566312,-38715.46898309853,-81455.01577248285,-48029.23367431815,-56538.1499026804,-20951.840541941623,-98173.03887971271,-67060.91223003545,118.89869255984725,
-61365.95586036207,-6735.105403345093,-107811.22068087691,50301.95434566312,-38715.46898309853,-98703.68162146171,-48029.23367431815,-56538.1499026804,-20951.840541941623,-98173.03887971271,-67060.91223003545,94.1,
-61365.95586036207,-6735.105403345093,-107811.22068087691,50301.95434566312,-38715.46898309853,-95534.41451139768,-48029.23367431815,-56538.1499026804,-20951.840541941623,-98173.03887971271,-67060.91223003545,0.0,
-61365.95586036207,-6735.105403345093,-97446.44053518603,50301.95434566312,-38715.46898309853,-95534.41451139768,-48029.23367431815,-56538.1499026804,-20951.840541941623,-103784.54571839453,-67060.91223003545,0.0,
