2018-04-20 23:30:54.865
Number of generations: 5
Size of population: 5
Heuristic 2
11
-49405.6779661292,-60966.623446435355,-50468.04220271657,30602.752753879136,-72568.18566139854,-81530.71597199392,-74183.88975803187,-92673.37176538349,-18981.34106043323,-2791.890578018414,-50084.856103505495,97.2,
-45399.50914317184,-60966.623446435355,-50468.04220271657,30602.752753879136,-72568.18566139854,-81530.71597199392,-74183.88975803187,-92673.37176538349,-18981.34106043323,-2791.890578018414,-50084.856103505495,97.1,
-49405.6779661292,-60966.623446435355,-50468.04220271657,30602.752753879136,-72568.18566139854,-81530.71597199392,-74183.88975803187,-92673.37176538349,-18981.34106043323,-2746.155583274314,-50084.856103505495,75.61200375800094,
-49405.6779661292,-60966.623446435355,-50468.04220271657,30602.752753879136,-72568.18566139854,-81530.71597199392,-74183.88975803187,-92673.37176538349,-18981.34106043323,-2791.890578018414,-50084.856103505495,0.0,
-49405.6779661292,-61187.04537864864,-50468.04220271657,30602.752753879136,-72568.18566139854,-81530.71597199392,-74183.88975803187,-92673.37176538349,-16106.135991201185,-2791.890578018414,-50084.856103505495,0.0,
