2018-04-20 23:21:39.735
Number of generations: 5
Size of population: 5
Heuristic 2
11
-1566.640419127696,-30383.32549878741,-63849.73910207262,88105.99705005369,-4402.40939264097,-97440.54777220845,-31968.058428191798,-95279.85074756235,-53993.142142683384,-4699.993473969502,-67630.03060548977,244.2,
-1566.640419127696,-30383.32549878741,-63849.73910207262,88105.99705005369,-4402.40939264097,-82887.82006321481,-31968.058428191798,-95279.85074756235,-53993.142142683384,-4699.993473969502,-72286.4972348993,169.8,
-1566.640419127696,-30383.32549878741,-63849.73910207262,88105.99705005369,-4402.40939264097,-97440.54777220845,-31968.058428191798,-108991.0882668538,-53993.142142683384,-4699.993473969502,-67630.03060548977,169.0,
-1566.640419127696,-30383.32549878741,-63849.73910207262,88105.99705005369,-4402.40939264097,-97440.54777220845,-31968.058428191798,-95279.85074756235,-53993.142142683384,-4699.993473969502,-67630.03060548977,0.0,
-29969.63770253805,-77528.33989869092,-97875.03059992839,76438.78685780402,-45530.50513059417,-53570.88263209021,-49115.179677900844,-40124.40037907981,-13335.548814659618,-12860.908786548156,-20442.73366185288,0.0,
