2018-04-20 23:31:26.001
Number of generations: 5
Size of population: 5
Heuristic 2
11
-67342.24931944316,-7307.999100987004,-97446.44053518603,54363.90806116832,-38715.46898309853,-95534.41451139768,-48029.23367431815,-56538.1499026804,-20951.840541941623,-98173.03887971271,-67060.91223003545,138.6,
-61365.95586036207,-6238.910276781701,-97446.44053518603,50301.95434566312,-38715.46898309853,-95534.41451139768,-48029.23367431815,-56538.1499026804,-20951.840541941623,-98173.03887971271,-67060.91223003545,108.5,
-61365.95586036207,-6735.105403345093,-97446.44053518603,50301.95434566312,-38715.46898309853,-95534.41451139768,-48029.23367431815,-56538.1499026804,-20951.840541941623,-103784.54571839453,-67060.91223003545,100.7,
-61365.95586036207,-6735.105403345093,-97446.44053518603,50301.95434566312,-38715.46898309853,-95534.41451139768,-48029.23367431815,-56538.1499026804,-20951.840541941623,-98173.03887971271,-67060.91223003545,0.0,
-31167.50483598486,-7901.0259236947895,-94186.4733566874,29474.498474168155,-99605.38833933268,-65401.6211492069,-31972.1054354487,-44009.16455370354,-3328.360297783176,-38791.66539189204,-16247.53201853938,0.0,
