2018-04-20 23:28:51.658
Number of generations: 5
Size of population: 5
Heuristic 2
11
-5170.42385669543,-6202.503127115793,-71285.4419759012,74591.9442463809,-78350.90892798096,-6363.014399258507,-21978.454853436484,-22940.28911138173,-21538.154635445855,-80891.3295632365,-92396.740377877,187.1,
-5170.42385669543,-6202.503127115793,-71285.4419759012,68960.04263959297,-78350.90892798096,-6363.014399258507,-21226.116858270994,-22940.28911138173,-21538.154635445855,-80891.3295632365,-92396.740377877,118.8,
-5170.42385669543,-6202.503127115793,-71285.4419759012,74591.9442463809,-78350.90892798096,-6363.014399258507,-21978.454853436484,-22940.28911138173,-21538.154635445855,-80891.3295632365,-97863.87673920959,110.3,
-5170.42385669543,-6202.503127115793,-71285.4419759012,74591.9442463809,-78350.90892798096,-6363.014399258507,-21978.454853436484,-22940.28911138173,-21538.154635445855,-80891.3295632365,-92396.740377877,0.0,
-5170.42385669543,-6202.503127115793,-71285.4419759012,74591.9442463809,-78350.90892798096,-6363.014399258507,-19142.659437258437,-22940.28911138173,-21538.154635445855,-80891.3295632365,-92396.740377877,0.0,
