2018-04-20 23:35:47.357
Number of generations: 5
Size of population: 5
Heuristic 2
11
-61077.9472640267,-45196.78131959285,-96827.68130274066,47982.75334581381,-8503.75893598207,-85206.24568631247,-35455.75591389998,-5755.561578445238,-43870.92721581913,-52598.71094862496,-87454.61502349594,375.8,
-61077.9472640267,-45196.78131959285,-96827.68130274066,54307.71414030403,-8503.75893598207,-85206.24568631247,-35455.75591389998,-5755.561578445238,-43870.92721581913,-53998.001356323315,-87454.61502349594,337.5,
-61077.9472640267,-45196.78131959285,-96827.68130274066,54307.71414030403,-8503.75893598207,-85206.24568631247,-35455.75591389998,-5755.561578445238,-43870.92721581913,-52598.71094862496,-87454.61502349594,321.2,
-61077.9472640267,-45196.78131959285,-96827.68130274066,54307.71414030403,-8503.75893598207,-85206.24568631247,-35455.75591389998,-5755.561578445238,-43870.92721581913,-52598.71094862496,-87454.61502349594,0.0,
-61077.9472640267,-45196.78131959285,-96827.68130274066,54307.71414030403,-8503.75893598207,-85206.24568631247,-35455.75591389998,-5755.561578445238,-43870.92721581913,-52598.71094862496,-87454.61502349594,0.0,
