2018-04-21 11:55:44.190
Number of generations: 5
Size of population: 5
Heuristic 2
11
-53.43276607448934,-102888.20995444812,-6642.203681989362,3965.6831268156247,-75798.54187821985,-3437.5960196364476,-2454.7372989258306,-79028.8586462914,-4728.620630696496,-18074.533311206134,-52676.68662612701,330.4,
-53.43276607448934,-102888.20995444812,-6642.203681989362,23027.858002647128,-75798.54187821985,-3437.5960196364476,-2454.7372989258306,-79028.8586462914,-3383.0138238170766,-18074.533311206134,-52676.68662612701,280.7,
-53.43276607448934,-102888.20995444812,-6642.203681989362,23027.858002647128,-75798.54187821985,-4288.51618174335,-2454.7372989258306,-79028.8586462914,-3383.0138238170766,-18074.533311206134,-52676.68662612701,245.3,
-53.43276607448934,-102888.20995444812,-6642.203681989362,23027.858002647128,-75798.54187821985,-3437.5960196364476,-2454.7372989258306,-79028.8586462914,-3383.0138238170766,-18074.533311206134,-52676.68662612701,0.0,
-53.43276607448934,-79501.52044371913,-6556.1342941880575,23027.858002647128,-75798.54187821985,-3437.5960196364476,-85866.43152567312,-79028.8586462914,-3383.0138238170766,-18074.533311206134,-52676.68662612701,0.0,
