2018-04-20 23:28:45.405
Number of generations: 5
Size of population: 5
Heuristic 2
11
-5170.42385669543,-6202.503127115793,-71285.4419759012,74591.9442463809,-78350.90892798096,-6363.014399258507,-19142.659437258437,-22940.28911138173,-21538.154635445855,-80891.3295632365,-92396.740377877,149.6,
-5170.42385669543,-6202.503127115793,-71285.4419759012,74591.9442463809,-78350.90892798096,-6363.014399258507,-21978.454853436484,-22940.28911138173,-21538.154635445855,-80891.3295632365,-92396.740377877,143.3,
-5170.42385669543,-6202.503127115793,-71285.4419759012,74920.92422193436,-78350.90892798096,-6363.014399258507,-19142.659437258437,-22940.28911138173,-21538.154635445855,-80891.3295632365,-92396.740377877,138.6,
-5170.42385669543,-6202.503127115793,-71285.4419759012,74591.9442463809,-78350.90892798096,-6363.014399258507,-19142.659437258437,-22940.28911138173,-21538.154635445855,-80891.3295632365,-92396.740377877,0.0,
-5170.42385669543,-6389.422062302648,-74773.56533459827,74591.9442463809,-78350.90892798096,-6363.014399258507,-19142.659437258437,-22940.28911138173,-24012.599667784296,-80891.3295632365,-87324.59581857447,0.0,
