2018-04-20 23:38:18.017
Number of generations: 5
Size of population: 5
Heuristic 2
11
-4304.1782746761855,-76171.80096017841,-84676.76458818061,24452.890112989488,-89960.08671986652,-35273.85167318935,-71242.35456533491,-87047.76368365795,-879.7853811146924,-10387.163027109184,-62846.52000866797,259.0,
-4408.812618035744,-76171.80096017841,-84676.76458818061,28953.889084446368,-95956.1271460691,-37434.989264065975,-71242.35456533491,-87047.76368365795,-879.7853811146924,-10401.425278974055,-62846.52000866797,255.1,
-4304.1782746761855,-76171.80096017841,-84676.76458818061,24452.890112989488,-89960.08671986652,-37434.989264065975,-71242.35456533491,-87047.76368365795,-879.7853811146924,-10401.425278974055,-62846.52000866797,247.7,
-4304.1782746761855,-76171.80096017841,-84676.76458818061,24452.890112989488,-89960.08671986652,-37434.989264065975,-71242.35456533491,-87047.76368365795,-879.7853811146924,-10401.425278974055,-62846.52000866797,0.0,
-4304.1782746761855,-76171.80096017841,-85111.83464594622,24452.890112989488,-89960.08671986652,-37434.989264065975,-71242.35456533491,-87047.76368365795,-879.7853811146924,-9466.47900090093,-62846.52000866797,0.0,
