2018-04-20 23:22:05.959
Number of generations: 5
Size of population: 5
Heuristic 2
11
-1566.640419127696,-30383.32549878741,-60463.73825857449,88105.99705005369,-4402.40939264097,-97440.54777220845,-31968.058428191798,-95279.85074756235,-56101.262053952254,-4699.993473969502,-67630.03060548977,288.4,
-1566.640419127696,-30383.32549878741,-63849.73910207262,88105.99705005369,-4402.40939264097,-97440.54777220845,-31968.058428191798,-96100.4391733538,-53993.142142683384,-4699.993473969502,-67630.03060548977,261.1,
-1566.640419127696,-33896.0502471309,-63849.73910207262,88105.99705005369,-4402.40939264097,-97440.54777220845,-31968.058428191798,-89128.7904172729,-53993.142142683384,-4699.993473969502,-67630.03060548977,194.0,
-1566.640419127696,-30383.32549878741,-63849.73910207262,88105.99705005369,-4402.40939264097,-97440.54777220845,-31968.058428191798,-95279.85074756235,-53993.142142683384,-4699.993473969502,-67630.03060548977,0.0,
-1566.640419127696,-30383.32549878741,-63849.73910207262,88105.99705005369,-4402.40939264097,-97440.54777220845,-31968.058428191798,-88420.93939307578,-53993.142142683384,-4699.993473969502,-67630.03060548977,0.0,
