2018-04-20 23:04:56.984
Number of generations: 5
Size of population: 5
Heuristic 2
11
-53922.529231905544,-31502.49761914344,-44696.847258557675,89491.9553980509,-71961.90054946402,-58318.33079365122,-48266.98445662019,-60205.118758133736,-83606.49251874263,-6580.119670910004,-50421.33903369233,73.1,
-52459.53846537866,-31502.49761914344,-44696.847258557675,84398.63792016235,-71961.90054946402,-58318.33079365122,-60013.48611571836,-60205.118758133736,-83606.49251874263,-6580.119670910004,-50421.33903369233,55.1,
-52459.53846537866,-31502.49761914344,-44696.847258557675,84398.63792016235,-79916.89467301259,-58318.33079365122,-60013.48611571836,-60205.118758133736,-83606.49251874263,-6580.119670910004,-50421.33903369233,52.4,
-52459.53846537866,-31502.49761914344,-44696.847258557675,84398.63792016235,-71961.90054946402,-58318.33079365122,-60013.48611571836,-60205.118758133736,-83606.49251874263,-6580.119670910004,-50421.33903369233,0.0,
-82284.95165749715,-82964.92855207926,-1169.3544929856143,55175.28249641919,-15642.389798536504,-50934.95812300437,-72685.68783788903,-94181.7425367925,-59280.1611822357,-24780.93312775607,-68910.0932238097,0.0,
