2018-04-20 23:28:39.274
Number of generations: 5
Size of population: 5
Heuristic 2
11
-5170.42385669543,-6389.422062302648,-74773.56533459827,74591.9442463809,-78350.90892798096,-6363.014399258507,-19142.659437258437,-22940.28911138173,-24012.599667784296,-80891.3295632365,-87324.59581857447,131.3,
-5170.42385669543,-6202.503127115793,-71285.4419759012,74591.9442463809,-78350.90892798096,-6363.014399258507,-19142.659437258437,-22940.28911138173,-21538.154635445855,-80891.3295632365,-92396.740377877,116.1,
-5170.42385669543,-6462.670201527779,-74773.56533459827,74591.9442463809,-78350.90892798096,-6059.382140741589,-19142.659437258437,-21660.132758073894,-21538.154635445855,-80891.3295632365,-87324.59581857447,103.97270544523411,
-5170.42385669543,-6202.503127115793,-74773.56533459827,74591.9442463809,-78350.90892798096,-6363.014399258507,-19142.659437258437,-22940.28911138173,-21538.154635445855,-80891.3295632365,-87324.59581857447,0.0,
-83107.11284565508,-15080.946254020484,-98888.67187810346,68542.28910301556,-69376.2360224308,-34793.88185644819,-5012.389259806689,-38306.66424906442,-47539.48086634001,-78087.48847393288,-97471.22836606005,0.0,
