2018-04-20 23:09:45.805
Number of generations: 5
Size of population: 5
Heuristic 0
11
-58685.140784842246,-51526.46756305043,-59862.50907301931,52021.49961402468,-51904.50383154267,-41292.63385659192,-28778.686239450835,-88228.93554077813,-62174.420122738586,-82817.2743864372,-99099.21637813302,196.5,
-40415.4052823029,-51526.46756305043,-59862.50907301931,67085.83457171544,-51904.50383154267,-41292.63385659192,-28778.686239450835,-88228.93554077813,-62174.420122738586,-82817.2743864372,-144092.13332298934,169.0,
-58685.140784842246,-51526.46756305043,-59862.50907301931,67085.83457171544,-51904.50383154267,-41292.63385659192,-28778.686239450835,-88228.93554077813,-62174.420122738586,-82817.2743864372,-99099.21637813302,146.6,
-58685.140784842246,-51526.46756305043,-59862.50907301931,67085.83457171544,-51904.50383154267,-41292.63385659192,-28778.686239450835,-88228.93554077813,-62174.420122738586,-82817.2743864372,-99099.21637813302,0.0,
-23969.464837529435,-73642.42040256389,-82020.75729441104,16888.09819370828,-71313.10968526716,-93736.42430354476,-1621.560858578625,-49942.80435162998,-17231.08484485456,-32110.147660408475,-40737.52620076609,0.0,
