2018-04-21 11:56:40.120
Number of generations: 5
Size of population: 5
Heuristic 0
11
-45169.735160294644,-52603.03649796561,-4558.8003266996675,96860.27385053561,-97058.34589934483,-11002.653241918975,-21069.12880361236,-23160.522428996905,-71133.7522526356,-12451.518763742919,-68538.71949870388,100.8,
-45169.735160294644,-52603.03649796561,-4558.8003266996675,96860.27385053561,-97058.34589934483,-11002.653241918975,-21069.12880361236,-23160.522428996905,-71133.7522526356,-12451.518763742919,-68538.71949870388,97.5,
-45169.735160294644,-52603.03649796561,-4558.8003266996675,96860.27385053561,-97058.34589934483,-11002.653241918975,-21069.12880361236,-23160.522428996905,-71133.7522526356,-12451.518763742919,-68538.71949870388,76.5,
-45169.735160294644,-52603.03649796561,-4558.8003266996675,96860.27385053561,-97058.34589934483,-11002.653241918975,-21069.12880361236,-23160.522428996905,-71133.7522526356,-12451.518763742919,-68538.71949870388,0.0,
-54211.925942420545,-92564.64943391448,-66956.37264223164,84009.96445809997,-68601.56031090397,-85212.04174829288,-54808.96187629555,-97099.66860150639,-46904.471427576864,-85665.50794779931,-27627.605564003097,0.0,
