2018-04-20 23:37:55.601
Number of generations: 5
Size of population: 5
Heuristic 2
11
-4318.393596165667,-67996.51263831883,-85111.83464594622,24452.890112989488,-81025.9537427747,-37434.989264065975,-67180.46764358478,-87047.76368365795,-879.7853811146924,-9466.47900090093,-62846.52000866797,422.4,
-3893.297892060262,-67996.51263831883,-85111.83464594622,22962.446194033095,-89960.08671986652,-32934.92209490627,-67180.46764358478,-87047.76368365795,-879.7853811146924,-9331.030390120522,-62846.52000866797,274.4,
-3893.297892060262,-77454.59459747083,-85111.83464594622,24452.890112989488,-89960.08671986652,-37434.989264065975,-54161.34335809308,-87047.76368365795,-879.7853811146924,-8738.91034285559,-62846.52000866797,264.9,
-3893.297892060262,-67996.51263831883,-85111.83464594622,24452.890112989488,-89960.08671986652,-37434.989264065975,-67180.46764358478,-87047.76368365795,-879.7853811146924,-9466.47900090093,-62846.52000866797,0.0,
-4304.1782746761855,-76171.80096017841,-85111.83464594622,24452.890112989488,-89960.08671986652,-37434.989264065975,-71242.35456533491,-87047.76368365795,-879.7853811146924,-9466.47900090093,-62846.52000866797,0.0,
