2018-04-20 23:32:56.103
Number of generations: 5
Size of population: 5
Heuristic 2
11
-75891.36298097577,-1385.8803105713596,-50854.32839401027,23922.220806243833,-1349.5829390123981,-73280.44680563189,-17997.99730467958,-87249.17306831107,-5207.960749744132,-40043.36703648094,-81764.19399675094,387.7,
-75891.36298097577,-1385.8803105713596,-50854.32839401027,23922.220806243833,-1349.5829390123981,-73280.44680563189,-17997.99730467958,-93314.95362666606,-5207.960749744132,-40043.36703648094,-81764.19399675094,329.9,
-75891.36298097577,-1385.8803105713596,-50854.32839401027,23922.220806243833,-1349.5829390123981,-73280.44680563189,-17997.99730467958,-93314.95362666606,-5207.960749744132,-40043.36703648094,-81764.19399675094,258.1319976465403,
-75891.36298097577,-1385.8803105713596,-50854.32839401027,23922.220806243833,-1349.5829390123981,-73280.44680563189,-17997.99730467958,-93314.95362666606,-5207.960749744132,-40043.36703648094,-81764.19399675094,0.0,
-75891.36298097577,-1385.8803105713596,-50854.32839401027,23922.220806243833,-1349.5829390123981,-73280.44680563189,-21634.918057363302,-93712.67821089561,-4980.513020324058,-40043.36703648094,-81764.19399675094,0.0,
