2018-04-20 23:35:35.728
Number of generations: 5
Size of population: 5
Heuristic 2
11
-61077.9472640267,-45196.78131959285,-96827.68130274066,54307.71414030403,-8503.75893598207,-85206.24568631247,-35455.75591389998,-5755.561578445238,-43870.92721581913,-52598.71094862496,-87454.61502349594,415.3,
-70382.18277991269,-45196.78131959285,-108884.6802354603,54307.71414030403,-8503.75893598207,-85206.24568631247,-35455.75591389998,-5755.561578445238,-43870.92721581913,-52598.71094862496,-87454.61502349594,374.3,
-61077.9472640267,-36855.94915024742,-96827.68130274066,54307.71414030403,-8503.75893598207,-85206.24568631247,-35455.75591389998,-5755.561578445238,-43870.92721581913,-47334.78312660093,-87454.61502349594,292.2,
-61077.9472640267,-45196.78131959285,-96827.68130274066,54307.71414030403,-8503.75893598207,-85206.24568631247,-35455.75591389998,-5755.561578445238,-43870.92721581913,-52598.71094862496,-87454.61502349594,0.0,
-29905.69217429975,-15726.67972906561,-63701.072278347034,90034.5180671384,-19261.9117332811,-68631.92048340064,-68456.75305146561,-6651.697453310611,-83195.44771649291,-55461.58144403816,-69938.66565024521,0.0,
