2018-04-20 23:32:32.631
Number of generations: 5
Size of population: 5
Heuristic 2
11
-75891.36298097577,-1385.8803105713596,-50854.32839401027,23922.220806243833,-1349.5829390123981,-73280.44680563189,-17997.99730467958,-93314.95362666606,-5207.960749744132,-40043.36703648094,-81764.19399675094,385.8,
-75891.36298097577,-1385.8803105713596,-50854.32839401027,23922.220806243833,-1349.5829390123981,-73280.44680563189,-17997.99730467958,-93712.67821089561,-5207.960749744132,-40043.36703648094,-81764.19399675094,348.8,
-75891.36298097577,-1385.8803105713596,-50854.32839401027,23922.220806243833,-1349.5829390123981,-73280.44680563189,-17997.99730467958,-93314.95362666606,-5207.960749744132,-40043.36703648094,-81764.19399675094,278.7,
-75891.36298097577,-1385.8803105713596,-50854.32839401027,23922.220806243833,-1349.5829390123981,-73280.44680563189,-17997.99730467958,-93314.95362666606,-5207.960749744132,-40043.36703648094,-81764.19399675094,0.0,
-91299.40207433616,-36261.183909951,-35191.11602085999,40301.24315916944,-52121.303272003424,-172.6376533053699,-49370.02771020137,-70932.39574286414,-91240.3003483855,-24573.276444397867,-62692.540928904484,0.0,
