2018-04-20 23:48:37.802
Number of generations: 5
Size of population: 5
Heuristic 2
11
-31757.179960925685,-52130.69636382106,-48050.778098784256,55641.24029825341,-60759.881870133024,-77292.64798221836,-78168.49932767169,-30880.58618141536,-66364.31607744307,-31661.35577914595,-128.80821314430796,51.9,
-31757.179960925685,-53548.99989756081,-48050.778098784256,55641.24029825341,-60759.881870133024,-77292.64798221836,-78168.49932767169,-30880.58618141536,-66364.31607744307,-37970.88858310471,-128.80821314430796,48.6,
-31666.61386504886,-53548.99989756081,-48050.778098784256,55641.24029825341,-60759.881870133024,-77292.64798221836,-78168.49932767169,-30880.58618141536,-66364.31607744307,-37970.88858310471,-128.80821314430796,41.1,
-31757.179960925685,-53548.99989756081,-48050.778098784256,55641.24029825341,-60759.881870133024,-77292.64798221836,-78168.49932767169,-30880.58618141536,-66364.31607744307,-37970.88858310471,-128.80821314430796,0.0,
-31757.179960925685,-53548.99989756081,-48050.778098784256,55641.24029825341,-60759.881870133024,-84570.94507288349,-78168.49932767169,-30880.58618141536,-64250.3789203249,-37970.88858310471,-128.80821314430796,0.0,
