2018-04-20 23:38:07.578
Number of generations: 5
Size of population: 5
Heuristic 2
11
-4304.1782746761855,-76171.80096017841,-85111.83464594622,24452.890112989488,-89960.08671986652,-40576.37951919472,-71242.35456533491,-87047.76368365795,-970.1446361963474,-8496.467976595655,-62846.52000866797,316.38683222829025,
-4304.1782746761855,-76171.80096017841,-85111.83464594622,24452.890112989488,-89960.08671986652,-41221.67027079949,-71242.35456533491,-87047.76368365795,-801.5365380874789,-9466.47900090093,-62846.52000866797,305.5,
-4304.1782746761855,-76171.80096017841,-84676.76458818061,24452.890112989488,-89960.08671986652,-37434.989264065975,-71242.35456533491,-87047.76368365795,-879.7853811146924,-10401.425278974055,-62846.52000866797,281.7,
-4304.1782746761855,-76171.80096017841,-85111.83464594622,24452.890112989488,-89960.08671986652,-37434.989264065975,-71242.35456533491,-87047.76368365795,-879.7853811146924,-9466.47900090093,-62846.52000866797,0.0,
-3893.297892060262,-67996.51263831883,-85111.83464594622,22962.446194033095,-89960.08671986652,-32934.92209490627,-67180.46764358478,-87047.76368365795,-879.7853811146924,-9331.030390120522,-62846.52000866797,0.0,
