2018-04-20 23:29:07.427
Number of generations: 5
Size of population: 5
Heuristic 2
11
-5170.42385669543,-6202.503127115793,-71285.4419759012,74591.9442463809,-78350.90892798096,-6363.014399258507,-21978.454853436484,-22940.28911138173,-21538.154635445855,-80891.3295632365,-84873.123691932,162.1,
-5170.42385669543,-6202.503127115793,-71285.4419759012,74591.9442463809,-78350.90892798096,-6363.014399258507,-21978.454853436484,-22940.28911138173,-21538.154635445855,-80891.3295632365,-97863.87673920959,139.07364028606005,
-5170.42385669543,-6202.503127115793,-71285.4419759012,74591.9442463809,-78350.90892798096,-6363.014399258507,-21978.454853436484,-22940.28911138173,-21538.154635445855,-80891.3295632365,-97863.87673920959,121.7,
-5170.42385669543,-6202.503127115793,-71285.4419759012,74591.9442463809,-78350.90892798096,-6363.014399258507,-21978.454853436484,-22940.28911138173,-21538.154635445855,-80891.3295632365,-97863.87673920959,0.0,
-6379.293246672082,-6202.503127115793,-71285.4419759012,74591.9442463809,-78350.90892798096,-6363.014399258507,-21978.454853436484,-22940.28911138173,-21538.154635445855,-80891.3295632365,-97863.87673920959,0.0,
