2018-04-20 23:38:31.206
Number of generations: 5
Size of population: 5
Heuristic 2
11
-4304.1782746761855,-76171.80096017841,-84676.76458818061,24723.34079320382,-89960.08671986652,-37434.989264065975,-71242.35456533491,-87047.76368365795,-879.7853811146924,-10401.425278974055,-62846.52000866797,373.8,
-4304.1782746761855,-76171.80096017841,-84676.76458818061,29358.29792081192,-89960.08671986652,-37434.989264065975,-71242.35456533491,-113417.65257977616,-879.7853811146924,-10401.425278974055,-62846.52000866797,315.4,
-4304.1782746761855,-76171.80096017841,-84676.76458818061,24452.890112989488,-89960.08671986652,-36196.5610869433,-71242.35456533491,-82669.59678298223,-879.7853811146924,-10401.425278974055,-62846.52000866797,259.9,
-4304.1782746761855,-76171.80096017841,-84676.76458818061,24452.890112989488,-89960.08671986652,-37434.989264065975,-71242.35456533491,-87047.76368365795,-879.7853811146924,-10401.425278974055,-62846.52000866797,0.0,
-4408.812618035744,-76171.80096017841,-84676.76458818061,28953.889084446368,-95956.1271460691,-37434.989264065975,-71242.35456533491,-87047.76368365795,-879.7853811146924,-10401.425278974055,-62846.52000866797,0.0,
