2018-04-21 00:00:41.832
Number of generations: 5
Size of population: 5
Heuristic 2
11
-28448.28667585492,-88721.94643031656,-41394.361397103516,36132.62617060285,-71778.93465839737,-29869.811155397023,-63304.24696436487,-449.1632471881603,-59899.275896362014,-42176.67156494565,-89157.69055802269,180.8,
-28448.28667585492,-88721.94643031656,-41394.361397103516,36132.62617060285,-71778.93465839737,-26024.15028571166,-63304.24696436487,-449.1632471881603,-59899.275896362014,-42176.67156494565,-89157.69055802269,172.60887036714487,
-28448.28667585492,-88721.94643031656,-41837.30354482086,36132.62617060285,-71778.93465839737,-29869.811155397023,-63304.24696436487,-449.1632471881603,-59899.275896362014,-42176.67156494565,-89157.69055802269,141.27994876111708,
-28448.28667585492,-88721.94643031656,-41394.361397103516,36132.62617060285,-71778.93465839737,-29869.811155397023,-63304.24696436487,-449.1632471881603,-59899.275896362014,-42176.67156494565,-89157.69055802269,0.0,
-28448.28667585492,-88721.94643031656,-41394.361397103516,36132.62617060285,-66764.99772206205,-29869.811155397023,-61841.4104361855,-449.1632471881603,-59899.275896362014,-42176.67156494565,-89157.69055802269,0.0,
