2018-04-20 23:07:10.009
Number of generations: 5
Size of population: 5
Heuristic 2
11
-16172.074751688007,-34612.01314277147,-15439.704082531229,87849.58089733915,-26454.749118335458,-92171.82052408697,-68353.84783186892,-79859.5502689265,-91010.35522463248,-19204.490935046837,-11332.87185871994,51.0,
-16172.074751688007,-37684.25083690234,-15439.704082531229,87849.58089733915,-26454.749118335458,-92171.82052408697,-68353.84783186892,-79859.5502689265,-73629.1158557899,-19204.490935046837,-11332.87185871994,49.26146608789024,
-16172.074751688007,-37684.25083690234,-15439.704082531229,87849.58089733915,-26454.749118335458,-92171.82052408697,-68353.84783186892,-79859.5502689265,-91010.35522463248,-19204.490935046837,-11332.87185871994,47.61525312147575,
-16172.074751688007,-37684.25083690234,-15439.704082531229,87849.58089733915,-26454.749118335458,-92171.82052408697,-68353.84783186892,-79859.5502689265,-91010.35522463248,-19204.490935046837,-11332.87185871994,0.0,
-16172.074751688007,-37684.25083690234,-15328.154661322018,85786.0919898165,-26454.749118335458,-92171.82052408697,-68353.84783186892,-79859.5502689265,-91010.35522463248,-19204.490935046837,-14686.916421106467,0.0,
