2018-04-21 11:55:35.626
Number of generations: 5
Size of population: 5
Heuristic 2
11
-53.43276607448934,-79501.52044371913,-6556.1342941880575,23027.858002647128,-75798.54187821985,-3437.5960196364476,-85866.43152567312,-79028.8586462914,-4108.450496418131,-13947.952331691033,-52676.68662612701,194.7,
-53.43276607448934,-102888.20995444812,-6642.203681989362,23027.858002647128,-75798.54187821985,-3437.5960196364476,-2454.7372989258306,-79028.8586462914,-3383.0138238170766,-18074.533311206134,-52676.68662612701,191.4,
-53.43276607448934,-79501.52044371913,-6556.1342941880575,23027.858002647128,-75798.54187821985,-3437.5960196364476,-85866.43152567312,-79028.8586462914,-3383.0138238170766,-18074.533311206134,-52676.68662612701,175.2,
-53.43276607448934,-79501.52044371913,-6556.1342941880575,23027.858002647128,-75798.54187821985,-3437.5960196364476,-85866.43152567312,-79028.8586462914,-3383.0138238170766,-18074.533311206134,-52676.68662612701,0.0,
-53.43276607448934,-79501.52044371913,-6556.1342941880575,23027.858002647128,-75798.54187821985,-4399.342893157183,-85866.43152567312,-79028.8586462914,-3383.0138238170766,-19361.622758994145,-52676.68662612701,0.0,
