2018-04-20 23:26:31.991
Number of generations: 5
Size of population: 5
Heuristic 0
11
-1750.6910203406442,-76084.64294810401,-84983.16769114089,48077.76759931246,-38976.462267411516,-21276.99734482802,-13221.4029686094,-31880.706189492295,-96342.12549263326,-36116.821562282894,-82401.23901327766,184.7,
-1750.6910203406442,-76084.64294810401,-84983.16769114089,48077.76759931246,-38976.462267411516,-21276.99734482802,-13221.4029686094,-31880.706189492295,-80676.69766077686,-36116.821562282894,-82401.23901327766,182.9,
-1750.6910203406442,-76084.64294810401,-84983.16769114089,48077.76759931246,-38976.462267411516,-21276.99734482802,-12746.338611154082,-31880.706189492295,-96342.12549263326,-36116.821562282894,-82401.23901327766,163.8,
-1750.6910203406442,-76084.64294810401,-84983.16769114089,48077.76759931246,-38976.462267411516,-21276.99734482802,-13221.4029686094,-31880.706189492295,-96342.12549263326,-36116.821562282894,-82401.23901327766,0.0,
-64010.79349798335,-31437.716392945353,-52528.81831793558,10943.303156985807,-12783.148466895189,-42577.38141235174,-89785.21183492651,-18087.5432707258,-21598.011083990015,-15191.856145846454,-37710.18265359245,0.0,
