2018-04-20 23:48:31.025
Number of generations: 5
Size of population: 5
Heuristic 2
11
-31757.179960925685,-53548.99989756081,-48050.778098784256,55641.24029825341,-60759.881870133024,-84570.94507288349,-78168.49932767169,-30880.58618141536,-73502.03201691266,-37970.88858310471,-128.80821314430796,47.1,
-31757.179960925685,-53548.99989756081,-48050.778098784256,55641.24029825341,-60759.881870133024,-84570.94507288349,-86822.1733944696,-30880.58618141536,-64250.3789203249,-37970.88858310471,-128.80821314430796,43.3,
-31757.179960925685,-53548.99989756081,-48050.778098784256,55641.24029825341,-60759.881870133024,-84570.94507288349,-78168.49932767169,-24930.3958758949,-64250.3789203249,-37970.88858310471,-128.80821314430796,42.9,
-31757.179960925685,-53548.99989756081,-48050.778098784256,55641.24029825341,-60759.881870133024,-84570.94507288349,-78168.49932767169,-30880.58618141536,-64250.3789203249,-37970.88858310471,-128.80821314430796,0.0,
-31757.179960925685,-53548.99989756081,-48050.778098784256,55641.24029825341,-60759.881870133024,-77292.64798221836,-78168.49932767169,-30880.58618141536,-66364.31607744307,-37970.88858310471,-128.80821314430796,0.0,
