2018-04-20 23:48:28.933
Number of generations: 5
Size of population: 5
Heuristic 2
11
-31757.179960925685,-53548.99989756081,-48050.778098784256,55641.24029825341,-60759.881870133024,-84570.94507288349,-78168.49932767169,-30880.58618141536,-64250.3789203249,-37970.88858310471,-128.80821314430796,50.1,
-31757.179960925685,-51079.66431614565,-48050.778098784256,55641.24029825341,-60759.881870133024,-80624.75407744921,-92395.25111374594,-30880.58618141536,-64250.3789203249,-37970.88858310471,-128.80821314430796,49.8,
-31757.179960925685,-53548.99989756081,-48050.778098784256,55641.24029825341,-60759.881870133024,-77292.64798221836,-78168.49932767169,-30880.58618141536,-66364.31607744307,-37970.88858310471,-128.80821314430796,47.7,
-31757.179960925685,-53548.99989756081,-48050.778098784256,55641.24029825341,-60759.881870133024,-80624.75407744921,-78168.49932767169,-30880.58618141536,-64250.3789203249,-37970.88858310471,-128.80821314430796,0.0,
-38792.69503409467,-40006.24197163719,-13314.918568511406,31544.080797689112,-75621.4823705524,-18497.818039986116,-72773.66978912808,-64656.80948704104,-60168.45114242222,-11804.67740100679,-15989.75690703075,0.0,
