2018-04-12 22:52:03.613
Number of generations: 1
Size of population: 5
Heuristic 1
11
-37720.14015271046,-33227.70695203896,-57144.05047823151,74257.48377589784,-56494.57168738208,-59511.63943607625,-84098.9139694156,-72533.35189044414,-37297.581604431354,-16473.048843713623,-91228.43232860154,0.0,
-79417.84227025567,-77490.82816832984,-99744.90362965572,71519.27458187215,-47552.98964493671,-23947.811604252827,-85497.81789656798,-43669.769508342135,-508.6354215680476,-30931.215538629724,-77031.63796583096,0.0,
-37720.14015271046,-33227.70695203896,-57144.05047823151,74257.48377589784,-56494.57168738208,-59511.63943607625,-84098.9139694156,-72533.35189044414,-37297.581604431354,-16473.048843713623,-91228.43232860154,0.0,
-37720.14015271046,-33227.70695203896,-29143.83578606998,74257.48377589784,-56494.57168738208,-59511.63943607625,-84098.9139694156,-72533.35189044414,-37297.581604431354,-16473.048843713623,-91228.43232860154,0.0,
-37720.14015271046,-33227.70695203896,-57144.05047823151,74257.48377589784,-56494.57168738208,-59511.63943607625,-84098.9139694156,-72533.35189044414,-37297.581604431354,-16473.048843713623,-91228.43232860154,0.0,
