2018-04-12 20:55:09.897
Number of generations: 1
Size of population: 5
Heuristic 1
11
-39509.61424671758,-47907.51237490745,-35680.22455695236,16351.33548158082,-45212.60079244129,-62864.82800758176,-88332.15243289134,-66324.79392618724,-7944.181942704832,-17214.289730355493,-3997.078602380061,0.0,
-13326.188521840813,-84532.37603592398,-21962.976389672112,44165.59455348371,-28858.016611880128,-24987.55895173835,-67074.58158017835,-985.2973243024317,-86345.0434148611,-61307.95532644047,-23187.52131767526,0.0,
-39509.61424671758,-47907.51237490745,-35680.22455695236,16351.33548158082,-45212.60079244129,-62864.82800758176,-88332.15243289134,-66324.79392618724,-7944.181942704832,-17214.289730355493,-3997.078602380061,0.0,
-39509.61424671758,-47907.51237490745,-35680.22455695236,16351.33548158082,-45212.60079244129,-62864.82800758176,-88332.15243289134,-66324.79392618724,-7944.181942704832,-17214.289730355493,-3636.1437497553547,0.0,
-39509.61424671758,-47907.51237490745,-35680.22455695236,16351.33548158082,-45212.60079244129,-62864.82800758176,-88332.15243289134,-66324.79392618724,-7944.181942704832,-17214.289730355493,-3997.078602380061,0.0,
