2018-04-18 17:06:32.651
Number of generations: 1
Size of population: 5
Heuristic 1
11
-66996.85424761765,-51933.92329787843,-91552.265779537,74048.42431992936,-11708.60520191041,-7725.47075589381,-16738.258135100332,-88113.54950420393,-79758.01853302831,-72208.7513621868,-121910.0959920856,310.0,
-66996.85424761765,-51933.92329787843,-91552.265779537,74048.42431992936,-11708.60520191041,-7725.47075589381,-16738.258135100332,-88113.54950420393,-79758.01853302831,-72208.7513621868,-82858.0509397358,155.2,
-66996.85424761765,-51933.92329787843,-91552.265779537,74048.42431992936,-11708.60520191041,-7725.47075589381,-16738.258135100332,-88113.54950420393,-79758.01853302831,-72208.7513621868,-82858.0509397358,154.8,
-66996.85424761765,-51933.92329787843,-91552.265779537,74048.42431992936,-11708.60520191041,-7725.47075589381,-13252.256665969308,-88113.54950420393,-79758.01853302831,-72208.7513621868,-82858.0509397358,148.6,
-43371.94295094124,-47612.11714717486,-4781.3069039280235,46381.48499447902,-84353.24698550015,-30256.94321486492,-11362.1399213002,-70765.34393804858,-51191.95452373196,-54511.897193837736,-90474.56528504554,127.4,
