2018-04-18 16:43:47.829
Number of generations: 1
Size of population: 5
Heuristic 1
11
-75186.98701588588,-72253.65778510005,-42645.39838500324,8666.79044003782,-32654.355809883768,-9527.944512845032,-41617.234099864334,-69354.80656980249,-61753.77034553222,-69148.28168579933,-87747.14928407726,96.3,
-65465.22462262085,-14021.823725690876,-13221.647710581241,55417.57032042466,-67597.95212530778,-92657.53323495349,-7582.225127716563,-53024.693505117415,-24958.57060881061,-31982.60604864052,-78363.76316998088,90.1,
-65465.22462262085,-14021.823725690876,-33456.68238939252,53394.39492078966,-67597.95212530778,-109047.0754553752,-7582.225127716563,-53024.693505117415,-24958.57060881061,-31982.60604864052,-78363.76316998088,85.6,
-65465.22462262085,-14021.823725690876,-33456.68238939252,53394.39492078966,-67597.95212530778,-92657.53323495349,-7582.225127716563,-53024.693505117415,-24958.57060881061,-31982.60604864052,-78363.76316998088,80.9,
-65465.22462262085,-14021.823725690876,-33456.68238939252,53394.39492078966,-67597.95212530778,-92657.53323495349,-7582.225127716563,-53024.693505117415,-24958.57060881061,-31982.60604864052,-78363.76316998088,66.6,
