2018-04-13 00:00:32.335
Number of generations: 1
Size of population: 5
Heuristic 1
11
-91571.66159485777,-75358.86600805666,-59195.4157015214,11045.183829339167,-62862.77338423317,-24948.12287182217,-23691.616461616766,-11325.357334953762,-38373.56326014546,-77821.68144430841,-30717.328018824133,109.4,
-51083.33944421576,-84560.34638184213,-28308.781311036364,61630.03098265791,-42376.194611470506,-70554.03737886518,-44110.45724751749,-68865.19151580898,-81365.63981543941,-61237.01738548953,-40498.3535291741,100.7,
-51083.33944421576,-84560.34638184213,-28308.781311036364,61630.03098265791,-42376.194611470506,-70554.03737886518,-44110.45724751749,-68865.19151580898,-81365.63981543941,-61237.01738548953,-40498.3535291741,92.0,
-51083.33944421576,-84560.34638184213,-28308.781311036364,61630.03098265791,-42376.194611470506,-70554.03737886518,-44110.45724751749,-68865.19151580898,-81365.63981543941,-61237.01738548953,-40498.3535291741,60.3,
-51083.33944421576,-84560.34638184213,-28308.781311036364,61630.03098265791,-42376.194611470506,-70554.03737886518,-44110.45724751749,-68865.19151580898,-81365.63981543941,-22944.149532917207,-40498.3535291741,50.5,
