2018-04-12 21:19:47.394
Number of generations: 1
Size of population: 5
Heuristic 1
11
-41533.7251906125,-18847.9625576268,-88944.59575353214,97507.62012926907,-72341.91410456055,-47782.98879538898,-49586.291440672736,-70687.15795413309,-28340.09961349587,-86010.288918918,-5284.584457353136,0.0,
-2707.956881223683,-30104.759300868434,-41894.999509471345,78988.49228708145,-14545.687075808994,-20770.276701767652,-15910.42100431674,-53689.153176342916,-15347.728145739238,-56046.766858768715,-56915.10998364847,0.0,
-41533.7251906125,-18847.9625576268,-88944.59575353214,97507.62012926907,-72341.91410456055,-47782.98879538898,-49586.291440672736,-70687.15795413309,-28340.09961349587,-546.5447329837427,-5284.584457353136,0.0,
-41533.7251906125,-18847.9625576268,-88944.59575353214,97507.62012926907,-72341.91410456055,-47782.98879538898,-49586.291440672736,-70687.15795413309,-28340.09961349587,-86010.288918918,-5284.584457353136,0.0,
-41533.7251906125,-18847.9625576268,-88944.59575353214,97507.62012926907,-72341.91410456055,-47782.98879538898,-49586.291440672736,-70687.15795413309,-28340.09961349587,-86010.288918918,-5284.584457353136,0.0,
