2018-04-18 17:08:31.794
Number of generations: 1
Size of population: 5
Heuristic 1
11
-6848.987598210195,-73279.4950778253,-66448.18831626777,65895.0110793031,-73824.67787045066,-9623.928436741888,-84769.72643243776,-55456.3431331877,-70389.80824106658,-31309.541393291365,-72657.19159532207,176.4,
-91487.0202081098,-54152.35144502445,-86467.94348650004,2792.6570728934785,-4080.4431798305886,-95470.3416611095,-42981.30979869197,-32363.65650155816,-52647.69930674938,-82013.40220843513,-53955.2214759327,168.3,
-91487.0202081098,-49292.396800072485,-86467.94348650004,2792.6570728934785,-4080.4431798305886,-95470.3416611095,-42981.30979869197,-32363.65650155816,-52647.69930674938,-82013.40220843513,-53955.2214759327,141.9,
-91487.0202081098,-54152.35144502445,-86467.94348650004,2792.6570728934785,-4080.4431798305886,-95470.3416611095,-42981.30979869197,-32363.65650155816,-52647.69930674938,-82013.40220843513,-53955.2214759327,139.5,
-91487.0202081098,-54152.35144502445,-86467.94348650004,2792.6570728934785,-4080.4431798305886,-95470.3416611095,-42981.30979869197,-32363.65650155816,-52647.69930674938,-82013.40220843513,-53955.2214759327,122.0,
