2018-04-12 23:28:48.732
Number of generations: 1
Size of population: 5
Heuristic 1
11
-86516.90798051204,-41721.1162530524,-45895.16049743236,90830.57500740493,-48780.312788771174,-34535.81457449559,-56847.35591811891,-92538.97832741377,-29769.15455994266,-95405.26233952041,-26113.550750743976,92.7,
-86516.90798051204,-41721.1162530524,-44670.70690376033,90830.57500740493,-48780.312788771174,-34535.81457449559,-56847.35591811891,-92538.97832741377,-29769.15455994266,-95405.26233952041,-26113.550750743976,85.5,
-86516.90798051204,-41721.1162530524,-44670.70690376033,90830.57500740493,-48780.312788771174,-34535.81457449559,-56847.35591811891,-92538.97832741377,-29769.15455994266,-95405.26233952041,-26113.550750743976,76.8,
-48843.537344167686,-50439.97341242174,-63219.530639142344,60872.84792009406,-91287.53391359244,-10159.706428078847,-50169.27453267859,-50652.34874117367,-37202.69659399682,-33581.55427046101,-18490.652330918994,58.3,
-86516.90798051204,-41721.1162530524,-44670.70690376033,90830.57500740493,-48780.312788771174,-34535.81457449559,-56847.35591811891,-92538.97832741377,-29769.15455994266,-95405.26233952041,-26113.550750743976,46.3,
