2018-04-12 23:14:33.601
Number of generations: 1
Size of population: 5
Heuristic 1
11
-48881.209638218796,-42074.22900398432,-8847.98075003062,16770.588481786563,-20412.858045477362,-13398.48047358026,-95888.28418529234,-6763.527148366353,-27380.988844102336,-50903.887651037236,-92690.65180085808,0.0,
-33042.997979007196,-42512.0201730286,-54974.132231554104,88265.00032847481,-55627.482536463,-49989.09117353983,-22.135647948511178,-811.8245626954595,-80032.13197943609,-1496.3331290602364,-5474.264534966234,0.0,
-48881.209638218796,-42074.22900398432,-8847.98075003062,16770.588481786563,-13861.697064634842,-13398.48047358026,-95888.28418529234,-6763.527148366353,-27380.988844102336,-50903.887651037236,-92690.65180085808,0.0,
-48881.209638218796,-42074.22900398432,-8847.98075003062,16770.588481786563,-20412.858045477362,-13398.48047358026,-95888.28418529234,-6763.527148366353,-27380.988844102336,-50903.887651037236,-92690.65180085808,0.0,
-48881.209638218796,-42074.22900398432,-8847.98075003062,16770.588481786563,-20412.858045477362,-9009.347900994531,-95888.28418529234,-6763.527148366353,-27380.988844102336,-50903.887651037236,-92690.65180085808,0.0,
