2018-04-12 21:11:40.043
Number of generations: 1
Size of population: 5
Heuristic 1
11
-19696.218752801447,-43302.679004972924,-73736.99535760455,62383.94370170626,-20426.81039710404,-75735.13168335817,-68140.7141775928,-94221.75857812754,-70992.8115028294,-2144.693409925574,-95815.63629650322,0.0,
-71700.74502331504,-19884.686973094547,-36424.127661552106,21999.64738055622,-5317.437216855818,-58072.82992197339,-32843.17116131249,-45693.82556353136,-34420.30144205554,-28386.974029744742,-83131.11257492573,0.0,
-19696.218752801447,-43302.679004972924,-73736.99535760455,62383.94370170626,-20426.81039710404,-75735.13168335817,-68140.7141775928,-94221.75857812754,-70992.8115028294,-2144.693409925574,-95815.63629650322,0.0,
-25241.340862626785,-43302.679004972924,-73736.99535760455,62383.94370170626,-20426.81039710404,-75735.13168335817,-68140.7141775928,-94221.75857812754,-70992.8115028294,-2144.693409925574,-3314.4594793360125,0.0,
-19696.218752801447,-43302.679004972924,-73736.99535760455,62383.94370170626,-20426.81039710404,-75735.13168335817,-68140.7141775928,-94221.75857812754,-70992.8115028294,-2144.693409925574,-95815.63629650322,0.0,
