2018-04-12 23:29:30.162
Number of generations: 1
Size of population: 5
Heuristic 1
11
-51033.98001956926,-70605.89822359316,-82527.5634330658,24407.70090847485,-62181.170335256684,-6415.237997329168,-47625.011314479474,-1821.7497469293594,-35801.85105997648,-86391.42163990978,-56638.80548903766,111.9,
-59679.74717686182,-98398.71151592115,-76512.87289510774,63100.25397855179,-55419.27728746575,-31241.42969812288,-40472.144713351256,-74262.16237541905,-97208.4457401185,-50032.425145573834,-3810.6412803878775,109.4,
-59679.74717686182,-98398.71151592115,-76512.87289510774,63100.25397855179,-55419.27728746575,-22795.48528861339,-40472.144713351256,-74262.16237541905,-97208.4457401185,-50032.425145573834,-3810.6412803878775,107.0,
-59679.74717686182,-98398.71151592115,-76512.87289510774,63100.25397855179,-55419.27728746575,-22795.48528861339,-40472.144713351256,-74262.16237541905,-97208.4457401185,-50032.425145573834,-3810.6412803878775,94.6,
-59679.74717686182,-98398.71151592115,-76512.87289510774,63100.25397855179,-55419.27728746575,-22795.48528861339,-40472.144713351256,-74262.16237541905,-97208.4457401185,-50032.425145573834,-3810.6412803878775,77.2,
