2018-04-12 17:01:59.701
Number of generations: 1
Size of population: 5
Heuristic 1
11
-22099.010405268054,-21044.65006154176,-33192.30203791466,76399.86667379888,-49481.13992887458,-15641.954007145498,-21573.099199604927,-66440.32748313849,-23731.519227932702,-52821.372468889575,-81082.3757147771,0.0,
-91490.82752885761,-41985.093138163866,-26915.684424988023,34687.638082118385,-9322.880801339008,-68324.05692692225,-84033.67827279682,-35017.54967722549,-86079.07854055506,-50759.73619602376,-16509.22396434525,0.0,
-22099.010405268054,-21044.65006154176,-33192.30203791466,76399.86667379888,-49481.13992887458,-736.7167014193408,-21573.099199604927,-66440.32748313849,-23731.519227932702,-52821.372468889575,-81082.3757147771,0.0,
-22099.010405268054,-21044.65006154176,-33192.30203791466,76399.86667379888,-40585.8094527847,-15641.954007145498,-21573.099199604927,-66440.32748313849,-23731.519227932702,-52821.372468889575,-81082.3757147771,0.0,
-22099.010405268054,-21044.65006154176,-33192.30203791466,76399.86667379888,-49481.13992887458,-15641.954007145498,-21573.099199604927,-66440.32748313849,-23731.519227932702,-52821.372468889575,-81082.3757147771,0.0,
