2018-04-12 23:08:10.284
Number of generations: 1
Size of population: 5
Heuristic 1
11
-71964.3890868913,-50748.45819704013,-38794.56883003527,71936.30394329413,-36951.73084049703,-73786.5607745968,-94028.22526412626,-62797.182003739006,-299.67353061005997,-55150.77049614524,-58197.823144397255,5.4,
-95725.68722574033,-76685.91350741326,-96846.45099057621,84445.74607775999,-63820.13138799364,-35970.10509629541,-17477.734949972204,-42095.40896013028,-88665.74508610292,-83349.09870642344,-15107.353691082317,0.0,
-95725.68722574033,-76685.91350741326,-96846.45099057621,84445.74607775999,-63820.13138799364,-1729.140007866155,-17477.734949972204,-42095.40896013028,-88665.74508610292,-83349.09870642344,-15107.353691082317,0.0,
-95725.68722574033,-76685.91350741326,-96846.45099057621,84445.74607775999,-43918.13347696602,-35970.10509629541,-17477.734949972204,-42095.40896013028,-88665.74508610292,-83349.09870642344,-15107.353691082317,0.0,
-95725.68722574033,-76685.91350741326,-96846.45099057621,84445.74607775999,-63820.13138799364,-35970.10509629541,-17477.734949972204,-42095.40896013028,-88665.74508610292,-83349.09870642344,-15107.353691082317,0.0,
