2018-04-18 17:09:10.538
Number of generations: 1
Size of population: 5
Heuristic 1
11
-73556.34189778648,-61785.603947226286,-87665.77150464221,17270.778068471638,-81199.99140836226,-5971.804311061875,-26697.560649789913,-60099.60719422582,-8529.60909589332,-58786.0424232677,-75806.13113964844,329.1,
-8620.04325700704,-72137.66340029972,-98647.93034636797,62854.705844400385,-26851.036713010606,-82018.33667768002,-39842.17493392072,-30535.237257956993,-26805.046612112346,-34071.57449292249,-32735.162567183324,298.3,
-8620.04325700704,-72137.66340029972,-98647.93034636797,62854.705844400385,-33650.41044521531,-82018.33667768002,-39842.17493392072,-30535.237257956993,-26805.046612112346,-34071.57449292249,-23119.049384571103,247.7,
-8620.04325700704,-72137.66340029972,-98647.93034636797,62854.705844400385,-33650.41044521531,-82018.33667768002,-39842.17493392072,-30535.237257956993,-26805.046612112346,-34071.57449292249,-23119.049384571103,198.4,
-8620.04325700704,-22806.954584248382,-98647.93034636797,9051.657000483554,-33650.41044521531,-82018.33667768002,-25886.98478623725,-30535.237257956993,-26805.046612112346,-34071.57449292249,-23119.049384571103,99.0,
