2018-04-12 23:22:21.752
Number of generations: 1
Size of population: 5
Heuristic 1
11
-4680.851575359164,-71708.9560785451,-13253.897463867223,23775.642395214552,-70751.1275137205,-72103.49145675659,-75238.02241005414,-20232.195293870725,-82462.49995832196,-87656.2617571195,-81425.34815436858,102.9,
-4680.851575359164,-71708.9560785451,-13253.897463867223,20504.43720390226,-70751.1275137205,-72103.49145675659,-51660.89650847501,-25173.359618490304,-82462.49995832196,-87656.2617571195,-81425.34815436858,98.4,
-4680.851575359164,-71708.9560785451,-13253.897463867223,20504.43720390226,-70751.1275137205,-72103.49145675659,-51660.89650847501,-20232.195293870725,-82462.49995832196,-87656.2617571195,-81425.34815436858,87.1,
-14699.684487537073,-55251.249915649314,-38185.58778299723,55988.433320446486,-42333.637203871265,-2398.973688388578,-73532.95640835117,-73444.12182506334,-77957.9018673236,-91412.94590657462,-43968.20173114565,57.7,
-4680.851575359164,-71708.9560785451,-13253.897463867223,20504.43720390226,-70751.1275137205,-72103.49145675659,-51660.89650847501,-20232.195293870725,-82462.49995832196,-87656.2617571195,-81425.34815436858,30.4,
