2018-04-12 21:12:47.810
Number of generations: 1
Size of population: 5
Heuristic 1
11
-27092.335349704328,-19833.27110305951,-68107.08818436816,92530.52942392834,-69490.22145760123,-61806.02022069584,-29846.243865942117,-3729.6333087447565,-31161.095646035712,-5189.059713689159,-23689.22630983946,0.0,
-63963.901053479065,-58192.88752466866,-62942.33355544054,43741.36339960986,-7644.7873528539785,-28331.371903998457,-5615.433303687605,-24920.726187183973,-86904.00300936618,-29437.72469834138,-58673.79525388954,0.0,
-27092.335349704328,-19833.27110305951,-68107.08818436816,92530.52942392834,-69490.22145760123,-61806.02022069584,-29846.243865942117,-3729.6333087447565,-31161.095646035712,-5189.059713689159,-23689.22630983946,0.0,
-27092.335349704328,-19833.27110305951,-68107.08818436816,92530.52942392834,-69490.22145760123,-61806.02022069584,-29846.243865942117,-3729.6333087447565,-31161.095646035712,-5189.059713689159,-23689.22630983946,0.0,
-27092.335349704328,-19833.27110305951,-68107.08818436816,92530.52942392834,-69490.22145760123,-61806.02022069584,-29846.243865942117,-3729.6333087447565,-31161.095646035712,-5189.059713689159,-23689.22630983946,0.0,
