2018-04-12 22:49:14.391
Number of generations: 1
Size of population: 5
Heuristic 1
11
-74037.42475710722,-29483.874825347346,-43331.19050952401,70815.02363600138,-49922.69406796761,-61079.10199935903,-39235.466213385494,-7030.206517763698,-90158.21439671218,-34298.23392530641,-33657.974583586954,0.0,
-84033.62317810858,-2512.0590772312717,-48142.0946708198,54315.683004623264,-39108.98350103279,-53698.977705939746,-32432.119650216584,-96336.86661397878,-26936.349767189604,-66296.15107770063,-62284.94826814108,0.0,
-74037.42475710722,-29483.874825347346,-43331.19050952401,70815.02363600138,-49922.69406796761,-61079.10199935903,-39235.466213385494,-659.8006059549357,-90158.21439671218,-34298.23392530641,-33657.974583586954,0.0,
-74037.42475710722,-29483.874825347346,-43331.19050952401,70815.02363600138,-49922.69406796761,-61079.10199935903,-39235.466213385494,-7030.206517763698,-90158.21439671218,-34298.23392530641,-33657.974583586954,0.0,
-74037.42475710722,-29483.874825347346,-43331.19050952401,70815.02363600138,-49922.69406796761,-13235.753624653968,-39235.466213385494,-7030.206517763698,-90158.21439671218,-34298.23392530641,-33657.974583586954,0.0,
