2018-04-12 23:32:51.721
Number of generations: 1
Size of population: 5
Heuristic 1
11
-11058.46824323322,-22154.417746935942,-96353.7600250879,34933.399882575475,-41563.09301524975,-61850.349427993846,-8427.504559696667,-50747.44533518109,-87021.47606447586,-87806.58828660895,-18778.194622260155,4.1,
-11058.46824323322,-22154.417746935942,-96353.7600250879,34933.399882575475,-41563.09301524975,-61850.349427993846,-8427.504559696667,-50747.44533518109,-87021.47606447586,-87806.58828660895,-18778.194622260155,4.1,
-11058.46824323322,-22154.417746935942,-96353.7600250879,34933.399882575475,-41563.09301524975,-61850.349427993846,-8427.504559696667,-50747.44533518109,-87021.47606447586,-87806.58828660895,-18778.194622260155,1.5,
-5831.798864905693,-68118.14364414397,-29739.708719005735,59807.80571200797,-61371.1836449941,-10590.0107648626,-41634.547468132776,-19817.792690617847,-64957.2893151415,-65283.741282865594,-14775.221687652796,1.5,
-11058.46824323322,-28097.98231890585,-96353.7600250879,34933.399882575475,-41563.09301524975,-61850.349427993846,-8427.504559696667,-50747.44533518109,-87021.47606447586,-87806.58828660895,-18778.194622260155,1.5,
