2018-04-12 20:46:12.717
Number of generations: 1
Size of population: 5
Heuristic 1
11
-50208.826179532305,-8593.63967947074,-67622.61352479967,69698.79725677523,-35354.30220226546,-72326.70184217376,-65390.06347017069,-96149.35286543884,-5746.263920112819,-83564.17381772796,-81737.4648008432,0.0,
-8814.189614750285,-88931.67057619849,-57127.58111688188,1472.1849222564808,-41272.624422068315,-45809.340903386765,-27759.29729449365,-89617.8117212803,-93340.24959550914,-5800.010516612892,-38691.094575482224,0.0,
-50208.826179532305,-8593.63967947074,-67622.61352479967,24119.283934036444,-35354.30220226546,-73999.91739884528,-65390.06347017069,-96149.35286543884,-5746.263920112819,-83564.17381772796,-81737.4648008432,0.0,
-50208.826179532305,-8593.63967947074,-67622.61352479967,69698.79725677523,-35354.30220226546,-72326.70184217376,-65390.06347017069,-86464.70353035093,-5746.263920112819,-83564.17381772796,-81737.4648008432,0.0,
-4721.985210351287,-8593.63967947074,-67622.61352479967,69698.79725677523,-35354.30220226546,-72326.70184217376,-65390.06347017069,-96149.35286543884,-5746.263920112819,-83564.17381772796,-81737.4648008432,0.0,
