2018-04-12 23:26:26.043
Number of generations: 1
Size of population: 5
Heuristic 1
11
-10427.569224029823,-19540.45358512453,-62096.61339185506,91739.86959145736,-28025.886176898348,-2449.5715817310847,-87036.5692632782,-11602.893783500112,-70204.77899908682,-95417.34369834955,-23832.533432195865,40.4,
-10427.569224029823,-19540.45358512453,-62096.61339185506,91739.86959145736,-28025.886176898348,-2449.5715817310847,-87036.5692632782,-11602.893783500112,-70204.77899908682,-95417.34369834955,-23832.533432195865,23.0,
-10427.569224029823,-19540.45358512453,-62096.61339185506,34527.16918880715,-28025.886176898348,-2449.5715817310847,-87036.5692632782,-11602.893783500112,-70204.77899908682,-95417.34369834955,-23832.533432195865,20.5,
-11226.988852618815,-13856.334195014279,-46913.35566430644,28335.152325220537,-72295.9272260724,-33824.60578259824,-47087.17316998105,-68098.7310724713,-72017.23764313315,-19830.25604395193,-16781.387584363736,13.6,
-10427.569224029823,-19540.45358512453,-62096.61339185506,91739.86959145736,-28025.886176898348,-2449.5715817310847,-87036.5692632782,-11602.893783500112,-70204.77899908682,-95417.34369834955,-23832.533432195865,5.0,
