2018-04-12 23:31:51.955
Number of generations: 1
Size of population: 5
Heuristic 1
11
-2989.470354654535,-92277.17458190178,-98662.2352910311,28047.96742831175,-50158.9140446178,-70992.9064362015,-96912.0897812817,-78462.40548778448,-96738.47473805203,-37364.3546331943,-72779.52934042891,145.5,
-2989.470354654535,-92277.17458190178,-98662.2352910311,28047.96742831175,-50158.9140446178,-70992.9064362015,-96912.0897812817,-11148.192841905797,-96738.47473805203,-37364.3546331943,-72779.52934042891,141.0,
-54.56239315526564,-92277.17458190178,-98662.2352910311,28047.96742831175,-50158.9140446178,-44042.1459943597,-96912.0897812817,-78462.40548778448,-96738.47473805203,-37364.3546331943,-72779.52934042891,133.3,
-78425.89923685003,-62277.60167659639,-78299.36667111356,15380.915394030892,-79300.26090427332,-37832.258603010996,-79673.44345515771,-79915.73255060725,-48490.85702019445,-3714.014158313279,-98523.56222433908,71.0,
-2989.470354654535,-92277.17458190178,-98662.2352910311,28047.96742831175,-50158.9140446178,-70992.9064362015,-96912.0897812817,-78462.40548778448,-96738.47473805203,-37364.3546331943,-72779.52934042891,23.2,
