2018-04-12 23:01:28.302
Number of generations: 1
Size of population: 5
Heuristic 1
11
-21638.840693211096,-9176.665864390932,-84939.30356729122,80905.79809857169,-77144.5523488949,-6176.273366877678,-81001.57763444667,-21192.119489178076,-42866.09884705017,-23821.682222063217,-89389.79075953545,0.0,
-72912.6063360277,-30059.56857232201,-67703.93124044339,74521.73254249153,-32487.00025686581,-98907.08780033771,-78247.6694803453,-67876.41121607598,-85444.97771993795,-58058.20221987715,-58087.18665238794,0.0,
-21638.840693211096,-9176.665864390932,-84939.30356729122,80905.79809857169,-77144.5523488949,-6176.273366877678,-81001.57763444667,-21192.119489178076,-42866.09884705017,-23821.682222063217,-89389.79075953545,0.0,
-17506.158858463066,-9176.665864390932,-84939.30356729122,80905.79809857169,-77144.5523488949,-6176.273366877678,-81001.57763444667,-21192.119489178076,-42866.09884705017,-23821.682222063217,-89389.79075953545,0.0,
-21638.840693211096,-9176.665864390932,-84939.30356729122,80905.79809857169,-77144.5523488949,-6176.273366877678,-81001.57763444667,-21192.119489178076,-42866.09884705017,-23821.682222063217,-89389.79075953545,0.0,
