2018-04-12 21:03:54.154
Number of generations: 1
Size of population: 5
Heuristic 1
11
-67496.35578259657,-64400.638904180574,-51585.27490378555,33601.079306525164,-57708.91228865499,-36488.963822020014,-47834.22661642699,-79231.56349634437,-69325.76260028992,-14444.41744542621,-75118.87973278736,0.0,
-88981.14536348882,-41488.05770533649,-17680.617203453352,51345.98928657037,-88384.96242978805,-94699.4038632762,-60336.01068030138,-28671.1287022272,-15197.638176357825,-1721.3872662163049,-26794.139461922954,0.0,
-67496.35578259657,-64400.638904180574,-51585.27490378555,33601.079306525164,-57708.91228865499,-36488.963822020014,-47834.22661642699,-79231.56349634437,-69325.76260028992,-14444.41744542621,-73495.6992681318,0.0,
-67496.35578259657,-64400.638904180574,-51585.27490378555,33601.079306525164,-57708.91228865499,-36488.963822020014,-47834.22661642699,-79231.56349634437,-69325.76260028992,-14444.41744542621,-75118.87973278736,0.0,
-67496.35578259657,-64400.638904180574,-51585.27490378555,33601.079306525164,-57708.91228865499,-36488.963822020014,-47834.22661642699,-79231.56349634437,-69325.76260028992,-14444.41744542621,-75118.87973278736,0.0,
