2018-04-12 23:33:25.227
Number of generations: 1
Size of population: 5
Heuristic 1
11
-71594.47205971618,-83652.51462514307,-34050.94515220604,96129.72748194954,-84472.59912934086,-87813.095394465,-68166.9694472193,-81844.83940406627,-47088.19241209374,-37410.6041421958,-8961.169848874633,86.8,
-71594.47205971618,-83652.51462514307,-34050.94515220604,96129.72748194954,-84472.59912934086,-84040.82207430647,-68166.9694472193,-81844.83940406627,-47088.19241209374,-25575.67924271195,-8961.169848874633,73.4,
-71594.47205971618,-83652.51462514307,-34050.94515220604,96129.72748194954,-84472.59912934086,-87813.095394465,-68166.9694472193,-81844.83940406627,-47088.19241209374,-25575.67924271195,-8961.169848874633,65.4,
-33619.70579485156,-83098.34097761054,-3690.9596425634227,85955.09959872179,-8470.630410415251,-18109.370239059732,-80155.64116405099,-71500.86050888234,-11323.142237735257,-52306.54240885365,-35859.131757427975,64.9,
-71594.47205971618,-83652.51462514307,-34050.94515220604,96129.72748194954,-84472.59912934086,-87813.095394465,-68166.9694472193,-81844.83940406627,-47088.19241209374,-25575.67924271195,-8961.169848874633,39.8,
