2018-04-12 20:16:30.616
Number of generations: 1
Size of population: 5
Heuristic 1
11
-32227.61657616809,-95425.45672615447,-29293.322914159056,5328.698726696945,-13313.97536220093,-39697.62313073656,-60049.7708391761,-13962.48134462547,-22746.96824416172,-1517.3357128128118,-12393.356120338896,0.0,
-18133.190062056747,-27868.194410994125,-71195.26315792372,68203.91242288602,-54758.51691179966,-58896.433917333445,-89288.77414713317,-73989.00120199344,-90122.03462912008,-90455.20586569792,-44998.51271644006,0.0,
-32227.61657616809,-95425.45672615447,-29293.322914159056,5328.698726696945,-13313.97536220093,-39697.62313073656,-60049.7708391761,-13962.48134462547,-22746.96824416172,-1517.3357128128118,-12393.356120338896,0.0,
-32227.61657616809,-95425.45672615447,-29293.322914159056,5328.698726696945,-13313.97536220093,-39697.62313073656,-60049.7708391761,-13962.48134462547,-22746.96824416172,-1517.3357128128118,-12393.356120338896,0.0,
-32227.61657616809,-95425.45672615447,-29293.322914159056,5328.698726696945,-13313.97536220093,-39697.62313073656,-60049.7708391761,-13962.48134462547,-22746.96824416172,-1517.3357128128118,-12393.356120338896,0.0,
