2018-04-12 20:59:31.732
Number of generations: 1
Size of population: 5
Heuristic 1
11
-53036.647006459934,-56457.351612472194,-7638.441075736002,16880.610380674676,-26021.09174694323,-56442.79262454709,-63032.75091221022,-19158.78111596378,-8415.101277883034,-18272.98177475344,-8279.853824756254,0.0,
-65811.60466454917,-71577.32754609076,-90120.71467127021,44919.378290469926,-38719.378058034825,-68933.8991013378,-14431.380439661225,-53978.76898959828,-32154.536931573006,-70889.1405407017,-5570.214775365748,0.0,
-53036.647006459934,-56457.351612472194,-7638.441075736002,16880.610380674676,-26021.09174694323,-56442.79262454709,-63032.75091221022,-19158.78111596378,-8415.101277883034,-18272.98177475344,-8279.853824756254,0.0,
-53036.647006459934,-56457.351612472194,-7638.441075736002,16880.610380674676,-26021.09174694323,-56442.79262454709,-63032.75091221022,-19158.78111596378,-1021.8605488066407,-18272.98177475344,-8279.853824756254,0.0,
-53036.647006459934,-56457.351612472194,-7638.441075736002,16880.610380674676,-26021.09174694323,-56442.79262454709,-63032.75091221022,-19158.78111596378,-8415.101277883034,-18272.98177475344,-8279.853824756254,0.0,
