2018-04-12 16:55:19.297
Number of generations: 1
Size of population: 5
Heuristic 1
11
-72839.15988303273,-47167.29312546324,-81425.05974173867,80890.59324447215,-21347.32384275408,-7262.929546532265,-23844.17385764222,-64305.3616727401,-59810.307094711505,-83053.63626952577,-37310.92238108687,0.0,
-80632.20794609228,-81246.04484258153,-81965.92284343275,80006.33225358017,-91385.93773021428,-10968.936060959983,-22784.24130762834,-26455.605325675395,-60610.27327440565,-63725.09808563411,-59529.07222304333,0.0,
-72839.15988303273,-47167.29312546324,-81425.05974173867,80890.59324447215,-21347.32384275408,-7262.929546532265,-23844.17385764222,-64305.3616727401,-59810.307094711505,-83053.63626952577,-37310.92238108687,0.0,
-54792.10521464983,-47167.29312546324,-81425.05974173867,80890.59324447215,-21347.32384275408,-7262.929546532265,-17794.726704150085,-64305.3616727401,-59810.307094711505,-83053.63626952577,-37310.92238108687,0.0,
-72839.15988303273,-47167.29312546324,-81425.05974173867,80890.59324447215,-21347.32384275408,-7262.929546532265,-23844.17385764222,-64305.3616727401,-59810.307094711505,-83053.63626952577,-37310.92238108687,0.0,
