2018-04-12 16:37:31.635
Number of generations: 1
Size of population: 5
Heuristic 1
11
-2365.5246045863605,-25379.314380425756,-26494.90939917008,60808.689299401696,-7934.83769158661,-35984.34307162861,-17467.701079792503,-52080.452359499104,-85906.73148498336,-85531.0061621545,-36795.34300438374,0.0,
-23168.528304315943,-81429.58798703692,-26378.750671645394,20548.0393280986,-75133.54646361753,-72597.00884760775,-32665.45606588012,-36018.47524034764,-10396.1750819679,-55709.0661596531,-45743.43720641856,0.0,
-2365.5246045863605,-25379.314380425756,-26494.90939917008,60808.689299401696,-7934.83769158661,-35984.34307162861,-17467.701079792503,-52080.452359499104,-85906.73148498336,-85531.0061621545,-36795.34300438374,0.0,
-2365.5246045863605,-25379.314380425756,-26494.90939917008,60808.689299401696,-7934.83769158661,-35984.34307162861,-17467.701079792503,-52080.452359499104,-85906.73148498336,-103110.1171484661,-36795.34300438374,0.0,
-2365.5246045863605,-25379.314380425756,-26494.90939917008,60808.689299401696,-7934.83769158661,-35984.34307162861,-17467.701079792503,-52080.452359499104,-85906.73148498336,-85531.0061621545,-36795.34300438374,0.0,
