2018-04-18 16:20:03.495
Number of generations: 1
Size of population: 5
Heuristic 1
11
-29178.97607349632,-17427.82388753815,-29508.45850014451,83376.05293749177,-49791.84302288553,-3737.743569101891,-9525.10346979127,-4759.431013229439,-55019.80592550149,-10463.431507401343,-89860.80997960945,136.7,
-31280.62205416884,-17427.82388753815,-29508.45850014451,83376.05293749177,-49791.84302288553,-3737.743569101891,-9525.10346979127,-37747.90895303337,-55019.80592550149,-10463.431507401343,-89860.80997960945,112.3,
-29178.97607349632,-17427.82388753815,-29508.45850014451,83376.05293749177,-49791.84302288553,-3737.743569101891,-9525.10346979127,-37747.90895303337,-55019.80592550149,-10463.431507401343,-89860.80997960945,107.5,
-40511.431416047475,-60161.26161449351,-91555.20386210177,59993.753880498836,-26325.61198442524,-83325.0235795822,-2913.4059562698676,-53145.741567436686,-6517.290537640496,-28263.24840949425,-26393.286680513862,103.6,
-29178.97607349632,-17427.82388753815,-29508.45850014451,83376.05293749177,-49791.84302288553,-3737.743569101891,-9525.10346979127,-37747.90895303337,-55019.80592550149,-10463.431507401343,-89860.80997960945,67.0,
