2018-04-12 21:04:22.600
Number of generations: 1
Size of population: 5
Heuristic 1
11
-19168.085527376577,-43094.70647595077,-97004.3446780113,25392.18763081902,-88286.75431810805,-42943.61369171152,-43052.5597457308,-86534.56834717613,-12013.389364215007,-1348.9361674908869,-78348.42409117379,0.0,
-65898.21254978003,-29618.880497624617,-8982.668247228488,99974.68051870611,-5372.26711495909,-53532.56523408279,-60943.190490226465,-8939.043182379042,-22310.80970732555,-18131.101157949874,-69819.00161060898,0.0,
-19168.085527376577,-43094.70647595077,-97004.3446780113,25392.18763081902,-88286.75431810805,-42943.61369171152,-43052.5597457308,-86534.56834717613,-12013.389364215007,-1348.9361674908869,-78348.42409117379,0.0,
-19168.085527376577,-43094.70647595077,-97004.3446780113,25392.18763081902,-19407.46096099172,-42943.61369171152,-43052.5597457308,-86534.56834717613,-12013.389364215007,-1348.9361674908869,-78348.42409117379,0.0,
-19168.085527376577,-43094.70647595077,-97004.3446780113,25392.18763081902,-88286.75431810805,-42943.61369171152,-43052.5597457308,-86534.56834717613,-12013.389364215007,-1348.9361674908869,-78348.42409117379,0.0,
