2018-04-12 22:47:54.960
Number of generations: 1
Size of population: 5
Heuristic 1
11
-44221.357953658306,-62514.58292576619,-97654.0627285065,24031.394774893542,-58218.17586867467,-69254.34412735607,-17549.172322046797,-77740.75055007954,-82661.5461997201,-9290.88328058127,-95824.67769296309,0.0,
-83100.79590612039,-59528.28470256825,-17975.740753801845,15687.456636406116,-40377.701810041974,-39881.11558601448,-9733.399165516981,-87722.21795884974,-89592.0704759482,-58042.21355329726,-15382.173508303196,0.0,
-44221.357953658306,-62514.58292576619,-97654.0627285065,24031.394774893542,-58218.17586867467,-69254.34412735607,-17549.172322046797,-77740.75055007954,-82661.5461997201,-9290.88328058127,-95824.67769296309,0.0,
-44221.357953658306,-62514.58292576619,-97654.0627285065,24031.394774893542,-58218.17586867467,-69254.34412735607,-17549.172322046797,-77740.75055007954,-82661.5461997201,-9290.88328058127,-95824.67769296309,0.0,
-44221.357953658306,-62514.58292576619,-97654.0627285065,24031.394774893542,-58218.17586867467,-69254.34412735607,-21118.933765030877,-77740.75055007954,-82661.5461997201,-9290.88328058127,-95824.67769296309,0.0,
