2018-04-12 23:27:31.555
Number of generations: 1
Size of population: 5
Heuristic 1
11
-23998.160245920197,-74239.32211949442,-29420.06993931983,78028.55240653893,-58699.694230392684,-49419.72272756795,-85001.7513044429,-59610.75111422278,-49858.23699592089,-1334.2089228868426,-53175.552930943304,113.3,
-23998.160245920197,-74239.32211949442,-29420.06993931983,78028.55240653893,-58699.694230392684,-49419.72272756795,-85001.7513044429,-59610.75111422278,-49858.23699592089,-1334.2089228868426,-53175.552930943304,75.4,
-23998.160245920197,-74239.32211949442,-29420.06993931983,78028.55240653893,-58699.694230392684,-49419.72272756795,-85001.7513044429,-59610.75111422278,-49858.23699592089,-1334.2089228868426,-53175.552930943304,46.8,
-52031.94808398816,-3135.138752703031,-73025.17111647973,11905.31999550284,-93589.0182572673,-891.2304732401826,-39538.0121078554,-32853.32040113314,-6293.535939772657,-11891.442777883625,-75347.91194168865,20.3,
-23998.160245920197,-74239.32211949442,-29420.06993931983,78028.55240653893,-58699.694230392684,-49419.72272756795,-85001.7513044429,-59610.75111422278,-49858.23699592089,-1334.2089228868426,-53175.552930943304,13.5,
