2018-04-12 16:58:08.701
Number of generations: 1
Size of population: 5
Heuristic 1
11
-80294.15008888202,-79018.67218285624,-53983.18658337561,94967.28718056208,-89941.07452911833,-22832.299133011096,-67033.24965914057,-88634.58732828035,-48749.19656605775,-76219.32511566802,-58263.095494443805,0.0,
-23819.587893910415,-33307.9974379959,-61885.14375076583,92415.38405375353,-53180.83256532038,-9965.162889811007,-53674.74149848781,-86405.92820726319,-38623.34639087267,-98606.42858589104,-69854.67359794208,0.0,
-80294.15008888202,-79018.67218285624,-53983.18658337561,94967.28718056208,-89941.07452911833,-22832.299133011096,-67033.24965914057,-88634.58732828035,-48749.19656605775,-76219.32511566802,-58263.095494443805,0.0,
-80294.15008888202,-79018.67218285624,-53983.18658337561,94967.28718056208,-89941.07452911833,-16690.883109342252,-67033.24965914057,-88634.58732828035,-48749.19656605775,-76219.32511566802,-58263.095494443805,0.0,
-80294.15008888202,-79018.67218285624,-53983.18658337561,94967.28718056208,-89941.07452911833,-22832.299133011096,-67033.24965914057,-88634.58732828035,-48749.19656605775,-76219.32511566802,-58263.095494443805,0.0,
