2018-04-12 23:25:29.359
Number of generations: 1
Size of population: 5
Heuristic 1
11
-46785.043988415375,-35384.41294620377,-15715.202373359221,52141.33039245162,-97592.23081204071,-33520.706797257226,-17429.800583877062,-8293.7468127975,-48486.15974481816,-21023.179283072575,-35154.184849075486,11.9,
-46785.043988415375,-35384.41294620377,-15715.202373359221,52141.33039245162,-97592.23081204071,-33520.706797257226,-17429.800583877062,-8293.7468127975,-48486.15974481816,-21023.179283072575,-35154.184849075486,5.8,
-79387.83245282137,-53924.256385499466,-51674.796362382156,96504.98370390602,-33915.47992854605,-23051.522316778588,-33916.756466658146,-60218.96165092699,-28624.498208685356,-36872.504263738425,-55250.371703535275,3.4,
-46785.043988415375,-35384.41294620377,-15715.202373359221,52141.33039245162,-97592.23081204071,-33520.706797257226,-17429.800583877062,-8293.7468127975,-48486.15974481816,-21023.179283072575,-35154.184849075486,3.4,
-46785.043988415375,-35384.41294620377,-15715.202373359221,52141.33039245162,-97592.23081204071,-33520.706797257226,-17429.800583877062,-8293.7468127975,-48486.15974481816,-21023.179283072575,-35154.184849075486,0.0,
