2018-04-21 16:02:20.807
Number of generations: 3
Size of population: 5
Heuristic 2
11
-123056.89615160083,-101087.67034716961,-329994.0290782272,-34593.23834681674,-102008.13707921383,-141172.89003134295,-42138.967004447404,106234.10781116829,-19134.060677593112,-35388.230806417225,22121.32375730737,122.6,
-127829.95234341695,-242559.10888642963,47783.707378938154,84263.62397239394,11412.703104436048,-89775.74850660472,8879.72563023214,23986.850324686427,-426785.01137016696,-52305.201834045874,103886.17871390804,41.5,
-124304.78184171853,-174121.4219812181,427343.9048285707,56106.90879152779,-153383.19796770182,-174949.9890443044,-26131.93952677527,-35800.17473412286,-93696.12566335985,-12204.387232352674,75130.71132797515,4.2,
149.83586944545095,-197053.56732378548,142497.90029302635,-16412.863994113868,-69138.9169865611,-109406.62196964597,8914.527813857778,-551391.1736813893,-134972.45570634006,108469.68415634567,87882.3728654373,1.7,
53663.22245177916,-187792.38531921996,-1925859.1431280924,-72184.66666933184,-385598.41350903036,-170797.34131948499,-321665.5837147204,248000.95348939806,202022.25410956767,-50348.66890661871,-477538.5240960578,0.0,
