2018-04-21 16:03:19.806
Number of generations: 3
Size of population: 5
Heuristic 2
11
-14422.896133042115,-49514.59767344032,-262069.84412625254,-168497.87783533646,61393.22254997935,-18555.405797089657,-1289.5294753422413,-8883.199323881372,-94116.69031183167,-68084.32528893223,-28038.150717097335,424.1,
-7498.101582212024,-153473.39606699636,-236032.31473238938,-203991.95153380814,9757.416084042115,-64701.07816197243,-60452.1882392739,8768.891492179697,-86633.3591535415,-38919.232799793725,19187.169889549983,382.0,
-24049.000670097343,-5241.403611962691,-278061.38182788837,-92752.09865438714,84223.51151034681,159524.55193865325,54880.235357788624,-39362.19351637707,-178883.23211742268,-134336.34678255016,-77038.7157232397,110.2,
-127230.59697742411,-31225.466660053116,-111877.14785143058,-104784.20639392696,15627.23732062157,-1269.6536028815317,6868.2229472731415,-51947.565097191444,-212167.8738702921,-93689.14414065827,209.62424748058402,74.3,
-7954.863926397862,29229.94622417377,-130846.55656655884,-95189.68167767237,25389.631983577437,-14777.727083013935,-41078.88247151248,-27826.02662744165,14528.419814777313,56209.36024932178,-37977.091092774914,0.2,
