2018-04-12 23:33:55.602
Number of generations: 3
Size of population: 5
Heuristic 1
11
-121472.15127904437,-13899.274296883494,-74032.36888741778,33624.50845659879,-48590.74301557666,-79422.31438494593,-44322.92883834788,-96453.66466451743,-57604.03848006377,-84425.59038458049,-89826.87018739273,124.1,
-95082.16832944365,-13899.274296883494,-74032.36888741778,13798.571701077984,-48590.74301557666,-79422.31438494593,-44322.92883834788,-96453.66466451743,-57604.03848006377,-84425.59038458049,-89826.87018739273,119.9,
-70871.26599774518,-73300.71466515108,-42967.31231743819,25577.556375679644,-72696.407912547,-12787.376462911605,-5647.5211736837955,-68832.14668329421,-35829.39453610615,-5173.209449880291,-16930.991007803168,109.4,
-95082.16832944365,-13899.274296883494,-74032.36888741778,33624.50845659879,-48590.74301557666,-79422.31438494593,-44322.92883834788,-96453.66466451743,-57604.03848006377,-84425.59038458049,-89826.87018739273,102.1,
-95082.16832944365,-13899.274296883494,-74032.36888741778,33624.50845659879,-48590.74301557666,-79422.31438494593,-5950.259463331456,-96453.66466451743,-57604.03848006377,-84425.59038458049,-89826.87018739273,96.7,
