2018-04-21 15:54:20.563
Number of generations: 3
Size of population: 5
Heuristic 2
11
-529517.9203399593,-92515.41198866002,-78942.48723408049,-35854.38683858728,-121590.94710824311,-245591.87503999058,-74738.24716823341,77971.8978548216,-62946.02416612004,-248452.4789603725,-734271.0738859444,534.1,
-420965.57217393676,-61532.638061988866,-71330.95249233303,-1310.0011246531576,-166786.83518936805,-243645.54576260602,-51632.88504724625,47199.82186844785,-61133.10808465296,-178834.98263251112,-812419.997229353,441.9,
-338229.0252407234,-186687.89283208086,513.2336169029877,61867.533147128226,-195669.7758331307,-52406.305890124844,-28220.064385581798,10152.681228749505,-87257.14003153809,-148925.2552989508,-311922.6601857757,179.1,
-358660.4007663026,-158721.83504984368,-79000.54279396599,-22498.513435304274,-53921.396303302216,-41618.07862859225,-167395.19067370342,29377.72260213482,-61814.8295197004,-187802.08079019174,-194731.21469641489,129.7,
-212790.25829300302,-17960.827692123064,-71258.77117058956,151856.97392812552,-68825.08445598095,-134332.99543744934,-47182.03329291292,-41403.241272613675,-62892.58668417857,273973.78236410115,400501.5862562469,0.0,
