2018-04-21 15:58:55.574
Number of generations: 3
Size of population: 5
Heuristic 2
11
85171.50714720035,-226492.8657057983,-46153.018481114574,139666.5037933354,-74933.20443161078,-9045.0996470156,38294.35889014039,-34888.15992807413,-12390.25598145512,-87221.92953839137,-87585.20227609065,350.9,
7931.4358400760975,-248159.87851668373,-14437.700440758235,108756.866069913,-396739.0927745786,-32019.140312024094,75815.65492515979,-82854.28810419673,-35243.516140823354,-51523.66152761119,-88649.53910661327,60.3,
36914.067159137456,116783.9217383808,96712.86421152228,96588.95564297916,-64572.1029839479,13247.75753817155,-97922.9422342478,-28366.45691359746,-20107.800088825785,-221075.1081632208,-88656.55674409895,11.8,
197864.5348638661,-240617.45640881517,-81615.78774431594,211175.68880965284,-132129.60188154926,26196.35824169837,56256.78764244919,36041.757207054165,42518.74671913033,-111109.91041837377,-87271.57190800835,0.5,
1427.539003851518,-257991.6376105023,-30621.502093895517,-19905.055324974208,-47336.33797305466,-36850.52357943966,247556.14172040668,-101085.19253131056,-30154.600377963925,86411.15985245736,-81632.69926701303,0.0,
