2018-04-21 15:57:38.166
Number of generations: 3
Size of population: 5
Heuristic 2
11
-264236.5807405914,-58634.0157912379,-5513.779917291466,-74330.17902716194,-51182.250174220324,-102157.09095162246,-148127.30747762194,-38638.725004615706,403.1190818035218,-53557.713118734646,-18023.82462086981,25.4,
172910.98588833964,-27797.38813301865,-12937.514895863922,-12254.982958608489,-313167.1688098533,-125450.86114928036,-104940.93906308862,-44293.97314447338,-10851.1425899002,16040.920919237993,-29471.54558592785,11.4,
-606565.300314055,-129553.5016896826,-46512.527333369944,-37188.4844713592,213551.25069493635,-31706.538093636744,-129270.02090993334,-31281.698716819796,71939.96730503278,-195972.5985841941,51920.22884389554,0.4,
188553.85973756423,-71267.51676270504,-102966.70750198337,-62326.95543291013,242064.86741004,-4686.41312634715,-33780.15183244247,-72960.74151698376,53277.839384091865,158152.22083799622,-11615.629236051802,0.1,
-138993.30933751355,-72030.5932748345,-11814.609807894607,-84649.69768794111,50058.32163867325,-28314.97438943862,-188882.80737610525,-43649.11873311422,45583.62373444715,8873.804224856372,-30556.472667641945,0.0,
