2018-04-21 15:51:28.265
Number of generations: 3
Size of population: 5
Heuristic 2
11
-83410.64486468586,22657.573242829185,-245326.64191249115,130817.07092699234,-106347.64752921928,226462.8705770706,-2557.0531064261413,39346.16484463749,-61860.21190192226,-247635.1618905604,-163307.59374071658,103.7,
-9249.137438976806,-51458.98496982931,136941.43590513687,120245.16298205881,33182.20873477414,-225192.52321417112,-66719.89641036469,-149211.22733619448,-54181.04790353568,-286786.37066343654,-143794.99629409678,50.5,
-201275.88217245377,9990.150684852466,266194.6271900602,89937.43749639539,-163580.9828188233,148782.04731007208,21574.410971170262,193163.1186815253,-78246.18662498827,68433.3373265678,-162706.37632418075,6.2,
-100201.21215443796,-25513.98792573802,180420.64452578445,21742.176889129594,-67276.38734530687,-418258.91593949264,-38578.49667832053,52206.02637823226,34681.90774909327,34782.70556766153,19233.224210228742,0.0,
-33699.96455086343,-14304.265952354572,49823.43413352776,225923.84921077095,-30063.600125071393,-100446.80371842052,-113127.9949099453,125871.46055903277,46658.63430071775,-175310.1888347801,-154389.5323990393,0.0,
