2018-04-20 23:05:35.886
Number of generations: 5
Size of population: 5
Heuristic 2
11
-52459.53846537866,-31502.49761914344,-44696.847258557675,83704.9473302797,-73019.0789652562,-58318.33079365122,-60013.48611571836,-60205.118758133736,-83606.49251874263,-6580.119670910004,-48800.46925218882,75.8,
-52459.53846537866,-31502.49761914344,-44696.847258557675,83704.9473302797,-73019.0789652562,-58318.33079365122,-60013.48611571836,-62056.23348856628,-83606.49251874263,-5669.193100274873,-40312.578263637275,63.9,
-52459.53846537866,-31502.49761914344,-44696.847258557675,83704.9473302797,-73019.0789652562,-58770.34854740487,-60013.48611571836,-62056.23348856628,-83606.49251874263,-6580.119670910004,-40312.578263637275,54.5,
-52459.53846537866,-31502.49761914344,-44696.847258557675,83704.9473302797,-73019.0789652562,-58318.33079365122,-60013.48611571836,-62056.23348856628,-83606.49251874263,-6580.119670910004,-40312.578263637275,50.2,
-52459.53846537866,-31502.49761914344,-44696.847258557675,83704.9473302797,-73019.0789652562,-58318.33079365122,-60013.48611571836,-62056.23348856628,-83606.49251874263,-6580.119670910004,-40312.578263637275,46.2,
