2018-04-20 23:30:22.463
Number of generations: 5
Size of population: 5
Heuristic 2
11
-50546.42761677147,-28716.798887548237,-14697.448543959455,37266.96643147814,-109263.06433819103,-67319.84925321664,-12389.273730970264,-87809.57677376407,-40196.90630475684,-28231.667921333923,-13536.436096069505,46.2,
-50546.42761677147,-29468.868006787103,-18816.27412643349,37266.96643147814,-96505.92685937614,-64321.35648578946,-12389.273730970264,-87809.57677376407,-40196.90630475684,-28231.667921333923,-13536.436096069505,39.4,
-50546.42761677147,-29468.868006787103,-18816.27412643349,37266.96643147814,-96505.92685937614,-64321.35648578946,-12389.273730970264,-87809.57677376407,-40196.90630475684,-28231.667921333923,-13536.436096069505,37.4,
-50546.42761677147,-29468.868006787103,-18816.27412643349,37266.96643147814,-96505.92685937614,-64321.35648578946,-12389.273730970264,-87809.57677376407,-40196.90630475684,-28231.667921333923,-13536.436096069505,35.5,
-50546.42761677147,-29468.868006787103,-18816.27412643349,37266.96643147814,-96505.92685937614,-64321.35648578946,-12389.273730970264,-87809.57677376407,-40196.90630475684,-28231.667921333923,-13536.436096069505,31.2,
