2018-04-20 23:18:39.687
Number of generations: 5
Size of population: 5
Heuristic 0
11
-27662.540454722737,-60478.961830943736,-90277.50932748428,53859.69085447665,-44963.40185290973,-67409.44869884076,-29971.650947776012,-48396.94682813039,-13470.396302860352,-58065.788471194894,-73729.39236310976,656.0,
-27662.540454722737,-60478.961830943736,-90277.50932748428,54178.37632566579,-44977.543347234816,-67409.44869884076,-29971.650947776012,-48396.94682813039,-13470.396302860352,-58065.788471194894,-73575.71940784568,606.1,
-27662.540454722737,-60478.961830943736,-90277.50932748428,54178.37632566579,-44963.40185290973,-67409.44869884076,-29971.650947776012,-48396.94682813039,-13470.396302860352,-58065.788471194894,-73575.71940784568,387.6,
-28451.426301503234,-60478.961830943736,-90277.50932748428,54178.37632566579,-44963.40185290973,-67409.44869884076,-29971.650947776012,-48396.94682813039,-15171.877659604328,-58065.788471194894,-73575.71940784568,329.9,
-27662.540454722737,-60478.961830943736,-90277.50932748428,54178.37632566579,-44963.40185290973,-67409.44869884076,-29971.650947776012,-48396.94682813039,-13470.396302860352,-58065.788471194894,-73575.71940784568,306.2,
