2018-04-21 15:47:03.529
Number of generations: 5
Size of population: 5
Heuristic 2
11
-114895.63835190161,79444.30706157547,-558242.1485172235,343597.26572048035,-105793.26786950602,184447.82508698181,-30639.35394642955,-156385.87322307288,-59361.24082441359,-106896.33112469513,-10042.932141555037,121.8,
193206.1787307224,19226.541624989768,-252812.18012103764,-382201.64682042046,-176590.93664418114,149247.42044050287,-7504.099568751277,-198622.06632890052,-60265.7401757483,-181669.8852825585,-105107.67788205494,109.4,
-147303.23821875785,-282781.0054904925,-201913.14838330407,-106808.70131256152,-372597.175725937,199908.00776467522,-48723.24030356278,106397.84802859003,-19590.392364987834,52664.700687975404,-89128.20042993719,8.8,
-207156.448614338,-251866.39158474625,-233962.31201766158,-1050300.727508489,-158241.82420711918,161798.70475158564,-65369.98687980023,-170985.45555462406,55523.46210533417,-82926.69568149665,-118337.03734791816,0.4,
-141281.67454525322,-422795.85740028694,126145.97571801255,769679.7581780102,336909.3134050068,-237653.1974275147,-199884.73534151918,-14346.004544989788,103827.82148722842,268325.597229173,-9814.647306712175,0.1,
