2018-04-21 00:01:09.244
Number of generations: 5
Size of population: 5
Heuristic 2
11
-28448.28667585492,-88721.94643031656,-41394.361397103516,36132.62617060285,-71778.93465839737,-28453.801621322218,-60062.79430097265,-469.09116139174654,-59899.275896362014,-38571.4766101699,-89157.69055802269,208.7,
-28448.28667585492,-88721.94643031656,-41394.361397103516,36132.62617060285,-71778.93465839737,-26024.15028571166,-60062.79430097265,-449.1632471881603,-59899.275896362014,-38571.4766101699,-89157.69055802269,182.0,
-28448.28667585492,-88721.94643031656,-41394.361397103516,36132.62617060285,-71778.93465839737,-26024.15028571166,-60062.79430097265,-449.1632471881603,-59899.275896362014,-38571.4766101699,-89157.69055802269,180.2,
-28448.28667585492,-88721.94643031656,-41837.30354482086,36132.62617060285,-71778.93465839737,-29869.811155397023,-63304.24696436487,-449.1632471881603,-59899.275896362014,-42176.67156494565,-89157.69055802269,145.6,
-28448.28667585492,-88721.94643031656,-41394.361397103516,36132.62617060285,-71778.93465839737,-26024.15028571166,-60062.79430097265,-449.1632471881603,-59899.275896362014,-38571.4766101699,-89157.69055802269,119.5,
