2018-04-20 23:36:34.013
Number of generations: 5
Size of population: 5
Heuristic 2
11
-61077.9472640267,-39292.37099042575,-96827.68130274066,62347.84661435014,-8503.75893598207,-85206.24568631247,-35455.75591389998,-5755.561578445238,-40308.944481529834,-52598.71094862496,-87454.61502349594,395.3,
-61077.9472640267,-45196.78131959285,-96827.68130274066,54307.71414030403,-8131.489669092143,-85206.24568631247,-35455.75591389998,-5755.561578445238,-43870.92721581913,-52598.71094862496,-87454.61502349594,330.6,
-61077.9472640267,-40304.31771999296,-96827.68130274066,62347.84661435014,-8503.75893598207,-85206.24568631247,-35455.75591389998,-5755.561578445238,-45257.75426888743,-52598.71094862496,-87454.61502349594,310.1,
-61077.9472640267,-35740.75671764234,-96827.68130274066,62347.84661435014,-8503.75893598207,-85206.24568631247,-35455.75591389998,-5755.561578445238,-40308.944481529834,-52598.71094862496,-87454.61502349594,223.0,
-61077.9472640267,-39292.37099042575,-96827.68130274066,62347.84661435014,-8503.75893598207,-85206.24568631247,-35455.75591389998,-5755.561578445238,-40308.944481529834,-52598.71094862496,-87454.61502349594,143.8,
