2018-04-20 23:33:31.101
Number of generations: 5
Size of population: 5
Heuristic 2
11
-75891.36298097577,-1385.8803105713596,-50854.32839401027,23922.220806243833,-1349.5829390123981,-73280.44680563189,-17997.99730467958,-93314.95362666606,-5207.960749744132,-40043.36703648094,-81764.19399675094,448.3,
-75891.36298097577,-1385.8803105713596,-50854.32839401027,23922.220806243833,-1349.5829390123981,-76085.02065437584,-17997.99730467958,-93314.95362666606,-5207.960749744132,-40043.36703648094,-81764.19399675094,371.1,
-75891.36298097577,-1385.8803105713596,-43977.09308732333,20818.607228039396,-1276.846122496553,-73280.44680563189,-21634.918057363302,-93712.67821089561,-4980.513020324058,-40043.36703648094,-81764.19399675094,321.7,
-75891.36298097577,-1385.8803105713596,-50854.32839401027,23922.220806243833,-1349.5829390123981,-73280.44680563189,-17997.99730467958,-93314.95362666606,-5207.960749744132,-40043.36703648094,-81764.19399675094,235.9,
-75891.36298097577,-1385.8803105713596,-50854.32839401027,23922.220806243833,-1349.5829390123981,-84125.97145163549,-17997.99730467958,-93314.95362666606,-5207.960749744132,-40043.36703648094,-81764.19399675094,232.2,
