2018-04-20 23:22:32.055
Number of generations: 5
Size of population: 5
Heuristic 2
11
-1566.640419127696,-30383.32549878741,-63849.73910207262,88105.99705005369,-4402.40939264097,-97440.54777220845,-31968.058428191798,-88420.93939307578,-53993.142142683384,-4699.993473969502,-67630.03060548977,353.7,
-1566.640419127696,-30383.32549878741,-63849.73910207262,88105.99705005369,-4402.40939264097,-97440.54777220845,-31968.058428191798,-88420.93939307578,-53993.142142683384,-4699.993473969502,-50761.80780603716,240.0,
-1566.640419127696,-30383.32549878741,-63849.73910207262,79163.65640985753,-4402.40939264097,-97440.54777220845,-31968.058428191798,-88420.93939307578,-53993.142142683384,-4699.993473969502,-69331.86476635019,210.8,
-1566.640419127696,-30383.32549878741,-63849.73910207262,88105.99705005369,-4402.40939264097,-97440.54777220845,-31968.058428191798,-88420.93939307578,-53993.142142683384,-4699.993473969502,-67630.03060548977,182.1,
-1566.640419127696,-30383.32549878741,-63849.73910207262,88105.99705005369,-4402.40939264097,-94242.40503807568,-31968.058428191798,-89640.45312219611,-53993.142142683384,-4699.993473969502,-67630.03060548977,167.6,
